1 5511
2 6187
3 6239
4 7647
5 13190
6 1881
7 3384
8 9036
9 9141
10 4300
11 8021
12 2702
13 1520
14 4364
15 6950
16 1913
17 3053
18 6070
19 8645
20 2256
21 2532
22 4622
23 3313
24 2553
25 1156
26 2817
27 6425
28 1548
29 390
30 7097
31 9049
32 2057
33 2499
34 4828
35 4048
36 1165
37 1985
38 2805
39 4503
40 1517
41 2177
42 4273
43 7400
44 2582
45 2665
46 2783
47 3654
48 2193
49 3326
50 8004
51 2061
52 2120
53 2442
54 3050
55 5674
56 2492
57 2239
58 5550
59 1791
60 2576
61 2345
62 3121
63 1732
64 3942
65 1844
66 4627
67 4175
68 1573
69 4893
70 2901
71 5029
72 4454
73 582
74 1396
75 2393
76 2630
77 2545
78 2328
79 2234
80 1944
81 2119
82 2206
83 3195
84 2025
85 2128
86 2373
87 1789
88 3221
89 2146
90 5173
91 2435
92 4404
93 3958
94 2134
95 4235
96 3994
97 2910
98 5241
99 1576
100 3194
101 2450
102 4161
103 1890
104 3563
105 3686
106 4105
107 2434
108 4537
109 4112
110 4376
111 1101
112 4131
113 4414
114 3879
115 3425
116 4138
117 4127
118 4159
119 3730
120 4307
121 3481
122 1707
123 5312
124 6738
125 5939
126 4643
127 3703
128 7652
129 6263
130 7060
131 6113
132 5839
133 4273
134 3359
135 5663
136 4379
137 6680
138 6299
139 7032
140 6410
141 3169
142 5229
143 3043
144 2333
145 5679
146 6456
147 5237
148 9381
149 4908
150 8826
151 6416
152 10559
153 10695
154 13589
155 13545
156 11282
157 7529
158 6151
159 9127
160 9927
161 12388
162 9686
163 7997
164 11618
165 12778
166 7070
167 8847
168 5768
169 14322
170 8954
171 1030
172 1591
173 1243
174 917
175 1421
176 1870
177 869
178 839
179 1946
180 1923
181 853
182 2964
183 1690
184 3214
185 1077
186 12788
187 9391
188 10987
189 10604
190 11540
191 10632
192 8125
193 8300
194 7287
195 9489
196 10715
197 13051
198 6065
199 16859
200 9318
201 7365
202 3817
203 3616
204 1684
205 2939
206 4649
207 4974
208 4902
209 4306
210 3432
211 3856
212 6165
213 3312
214 4016
215 4661
216 4062
217 5486
218 5724
219 7406
220 4978
221 2001
222 4274
223 5065
224 3669
225 5001
226 4842
227 4132
228 4935
229 4382
230 2053
231 5622
232 4489
233 3448
234 4055
235 2411
236 4355
237 3438
238 3718
239 2672
240 3128
241 2898
242 2425
243 4123
244 2483
245 4064
246 2402
247 3707
248 2459
249 2852
250 2272
251 9076
252 7351
253 7343
254 8622
255 7478
256 9368
257 10525
258 5532
259 5497
260 10255
261 9089
262 9348
263 6139
264 6057
265 8406
266 2839
267 9022
268 8394
269 9237
270 6923
271 9560
272 9216
273 5741
274 10142
275 5996
276 8566
277 5789
278 8071
279 9962
280 7343
281 8325
282 5752
283 6126
284 7306
285 6595
286 7134
287 7225
288 6267
289 7856
290 9026
291 4268
292 4872
293 4330
294 6586
295 7124
296 4555
297 5055
298 4636
299 6917
300 6279
301 7065
302 3967
303 7599
304 2343
305 6814
306 8049
307 6741
308 4909
309 6652
310 7675
311 5113
312 4966
313 2445
314 4524
315 976
316 6319
317 5386
318 5394
319 7389
320 7045
321 7490
322 2358
323 6378
324 7264
325 7053
326 6419
327 4537
328 3247
329 10248
330 4673
331 7979
332 2526
333 9102
334 8348
335 9461
336 12866
337 7862
338 8597
339 8048
340 8795
341 8556
342 8889
343 8291
344 8491
345 8005
346 11974
347 6740
348 9887
349 7346
350 11869
351 5871
352 4726
353 5479
354 5913
355 5663
356 4586
357 4567
358 5289
359 4914
360 3958
361 4555
362 4203
363 3995
364 5027
365 4801
366 5219
367 4501
368 4085
369 4635
370 3991
371 4356
372 4123
373 3942
374 3983
375 4955
376 4048
377 4063
378 4517
379 4194
380 4400
381 4237
382 4353
383 7452
384 9582
385 7047
386 4851
387 7693
388 7010
389 6858
390 6863
391 4467
392 2712
393 8253
394 10874
395 9781
396 8681
397 10629
398 4689
399 8740
400 8779
401 4852
402 5603
403 5407
404 6027
405 4814
406 5414
407 6445
408 4143
409 5899
410 5845
411 5716
412 6389
413 6267
414 5916
415 5102
416 6605
417 5616
418 4135
419 6130
420 5033
421 5833
422 6072
423 3566
424 3102
425 3219
426 5467
427 4944
428 3172
429 2904
430 5427
431 3152
432 2598
433 5246
434 3233
435 3690
436 4196
437 4300
438 3804
439 5180
440 10112
441 3127
442 11118
443 9593
444 4397
445 5041
446 9005
447 8170
448 5614
449 7131
450 4822
451 2513
452 1213
453 2193
454 2330
455 2020
456 2213
457 2641
458 2111
459 194
460 1667
461 2102
462 3338
463 1822
464 2088
465 5406
466 3941
467 1546
468 4305
469 1833
470 6026
471 1850
472 2333
473 1943
474 5046
475 6459
476 4024
477 4045
478 3616
479 3299
480 4699
481 1616
482 3265
483 3333
484 1632
485 6311
486 4778
487 3279
488 3641
489 6653
490 10559
491 7550
492 6443
493 3335
494 4276
495 3348
496 3768
497 2939
498 3917
499 3069
500 3323
501 3906
502 1636
503 4336
504 2732
505 3139
506 2829
507 3829
508 5673
509 10084
510 12714
511 7575
512 6187
513 8525
514 6049
515 5975
516 7336
517 6894
518 6097
519 5389
520 8158
521 8971
522 8545
523 7775
524 8808
525 7695
526 11748
527 6260
528 6806
529 3752
530 7709
531 11180
532 7546
533 7195
534 5646
535 3921
536 3877
537 7135
538 3950
539 6912
540 7411
541 12337
542 6001
543 1610
544 6766
545 2447
546 2573
547 2251
548 2652
549 2164
550 3065
551 5838
552 3033
553 3265
554 4074
555 4834
556 2001
557 4542
558 1062
559 1712
560 3060
561 2200
562 2396
563 3553
564 4818
565 6261
566 4709
567 4738
568 6036
569 1708
570 2712
571 4748
572 5200
573 6229
574 5818
575 753
576 3385
577 3047
578 4949
579 6004
580 8476
581 4548
582 5351
583 2947
584 3812
585 6387
586 4349
587 6938
588 6125
589 6729
590 7838
591 6779
592 5088
593 4237
594 3951
595 3916
596 1108
597 3270
598 6781
599 7971
600 7660
601 1761
602 5769
603 4374
604 6517
605 4848
606 5899
607 7993
608 7582
609 9258
610 7743
611 8649
612 7941
613 8562
614 9193
615 7037
616 7641
617 4161
618 5172
619 7637
620 7456
621 7800
622 8580
623 10165
624 7990
625 2679
626 7967
627 8239
628 7490
629 4734
630 4518
631 5823
632 4680
633 4571
634 4891
635 4455
636 1910
637 6734
638 5340
639 7664
640 6631
641 3775
642 7653
643 4974
644 6568
645 5280
646 6618
647 4519
648 6821
649 6016
650 5669
651 5002
652 4003
653 2099
654 7052
655 5408
656 6096
657 5603
658 8337
659 3910
660 6529
661 7247
662 7716
663 1828
664 5573
665 6041
666 6186
667 6457
668 5144
669 4427
670 4982
671 4697
672 5625
673 4145
674 3673
675 6905
676 6120
677 4841
678 6329
679 4334
680 6487
681 3697
682 4911
683 4164
684 2037
685 4398
686 11521
687 3717
688 4575
689 8717
690 3676
691 4125
692 3406
693 11651
694 3476
695 3434
696 5993
697 6823
698 4570
699 3778
700 3820
701 3121
702 3456
703 4252
704 2433
705 4077
706 2576
707 3974
708 3692
709 3787
710 3712
711 3331
712 4110
713 4114
714 3058
715 3682
716 4097
717 4943
718 3775
719 1169
720 3877
721 1787
722 3332
723 3284
724 2992
725 4005
726 3386
727 3054
728 1666
729 3031
730 3355
731 2978
732 4731
733 4013
734 1448
735 3126
736 3705
737 1552
738 3339
739 3753
740 7588
741 5058
742 4798
743 7652
744 7903
745 4897
746 5254
747 6873
748 10010
749 8506
750 4077
751 7197
752 5329
753 5972
754 7347
755 6348
756 7911
757 7964
758 8987
759 7955
760 5608
761 5101
762 3511
763 4778
764 3417
765 2669
766 3371
767 3713
768 3102
769 3127
770 2783
771 4154
772 4337
773 3642
774 3106
775 2538
776 4395
777 4220
778 2660
779 3007
780 2305
781 2329
782 3359
783 2676
784 5764
785 5155
786 2589
787 7374
788 2240
789 2488
790 4118
791 4482
792 3888
793 6108
794 4143
795 2435
796 2211
797 3510
798 4108
799 3574
800 1524
801 3460
802 1515
803 1936
804 4817
805 2428
806 4705
807 4052
808 3690
809 6763
810 4883
811 7200
812 4529
813 5121
814 3093
815 4647
816 7116
817 4869
818 3709
819 6250
820 5324
821 7602
822 7310
823 5511
824 4615
825 5505
826 4636
827 5039
828 5937
829 2902
830 705
831 6074
832 4865
833 4721
834 6643
835 4650
836 6005
837 4444
838 7261
839 5859
840 5955
841 5864
842 4889
843 3667
844 8150
845 5447
846 5753
847 5109
848 7179
849 3446
850 5669
851 8162
852 9476
853 9260
854 10796
855 11729
856 5841
857 8810
858 7992
859 8880
860 4851
861 8668
862 9778
863 5690
864 6586
865 5922
866 5864
867 8427
868 6176
869 8733
870 10191
871 13165
872 7414
873 8407
874 7804
875 8263
876 8791
877 7736
878 8142
879 8416
880 8820
881 7190
882 11347
883 10872
884 9353
885 10834
886 9022
887 7668
888 8087
889 7795
890 8569
891 8898
892 8111
893 9429
894 8999
895 8361
896 7920
897 9473
898 8370
899 2338
900 2065
901 2999
902 3019
903 7378
904 3270
905 4830
906 3096
907 4958
908 3108
909 2574
910 8144
911 7934
912 3144
913 9339
914 2888
915 3691
916 6646
917 6195
918 5924
919 2549
920 2587
921 5404
922 4736
923 2870
924 8356
925 2567
926 4661
927 2384
928 2686
929 5008
930 5184
931 5002
932 7697
933 3112
934 5277
935 5318
936 5130
937 4876
938 5228
939 3005
940 2537
941 2423
942 2665
943 3059
944 2238
945 4387
946 2839
947 2728
948 2474
949 2729
950 3019
951 5996
952 5401
953 4883
954 2117
955 2321
956 1919
957 2579
958 1695
959 2116
960 2458
961 2412
962 1817
963 2071
964 2174
965 2216
966 2605
967 2250
968 1849
969 2340
970 1985
971 2189
972 2395
973 1658
974 3558
975 2368
976 2290
977 2177
978 2897
979 2409
980 2112
981 2675
982 2695
983 2264
984 2143
985 2125
986 2161
987 2262
988 2447
989 2369
990 4843
991 4768
992 7186
993 4853
994 4649
995 6596
996 8729
997 4521
998 4732
999 1561
1000 6751
1001 5641
1002 4630
1003 2114
1004 4873
1005 1647
1006 2060
1007 5275
1008 1720
1009 3268
1010 4696
1011 4746
1012 3219
1013 3382
1014 4584
1015 4621
1016 1688
1017 4793
1018 5202
1019 5063
1020 3466
1021 1977
1022 3713
1023 1988
1024 3069
1025 1822
1026 3193
1027 3019
1028 5263
1029 4916
1030 8765
1031 7961
1032 7098
1033 6263
1034 7957
1035 7230
1036 9516
1037 5750
1038 7968
1039 6181
1040 7197
1041 6933
1042 7333
1043 6642
1044 6954
1045 7972
1046 6501
1047 8508
1048 8769
1049 4642
1050 4580
1051 9075
1052 3646
1053 4204
1054 4246
1055 5667
1056 5727
1057 4894
1058 7143
1059 4752
1060 5435
1061 1857
1062 5403
1063 5812
1064 6278
1065 5591
1066 5905
1067 5235
1068 5708
1069 5441
1070 6949
1071 6711
1072 5238
1073 5565
1074 6776
1075 6556
1076 7056
1077 3261
1078 5527
1079 6343
1080 2786
1081 5349
1082 5518
1083 5053
1084 5689
1085 5945
1086 6622
1087 4105
1088 4313
1089 4064
1090 4550
1091 4126
1092 3655
1093 3520
1094 4149
1095 5684
1096 5955
1097 4474
1098 3816
1099 5873
1100 4140
1101 4519
1102 3215
1103 8252
1104 4367
1105 8701
1106 5306
1107 8487
1108 2595
1109 5728
1110 10055
1111 5511
1112 5593
1113 5019
1114 2893
1115 3315
1116 5016
1117 1857
1118 2602
1119 10569
1120 3073
1121 4125
1122 8227
1123 963
1124 3413
1125 2728
1126 2213
1127 2374
1128 2693
1129 4553
1130 2627
1131 2414
1132 6186
1133 2880
1134 5329
1135 2817
1136 5846
1137 6441
1138 1065
1139 2805
1140 2640
1141 4516
1142 548
1143 4551
1144 8371
1145 4926
1146 1134
1147 1844
1148 2227
1149 2805
1150 2610
1151 2397
1152 2116
1153 7028
1154 2497
1155 2604
1156 2126
1157 3949
1158 4075
1159 2972
1160 2598
1161 3124
1162 2485
1163 2719
1164 2063
1165 6126
1166 2973
1167 4832
1168 2940
1169 2418
1170 2636
1171 2361
1172 3041
1173 2318
1174 2925
1175 2640
1176 2562
1177 2691
1178 2670
1179 2439
1180 2653
1181 3135
1182 5125
1183 2698
1184 2738
1185 2854
1186 2564
1187 2810
1188 2857
1189 2377
1190 2290
1191 2630
1192 2661
1193 2651
1194 2824
1195 2810
1196 2284
1197 2812
1198 3055
1199 2642
1200 5226
1201 3216
1202 2735
1203 3155
1204 3029
1205 2694
1206 2670
1207 2803
1208 2900
1209 3185
1210 2744
1211 3177
1212 2895
1213 2284
1214 2974
1215 2439
1216 2528
1217 3687
1218 2994
1219 1848
1220 3057
1221 3021
1222 2683
1223 2882
1224 2623
1225 2695
1226 2848
1227 3765
1228 3042
1229 2707
1230 3214
1231 3496
1232 5079
1233 3417
1234 2207
1235 3154
1236 3015
1237 2723
1238 3239
1239 2997
1240 3037
1241 4872
1242 2339
1243 2935
1244 1392
1245 2837
1246 3065
1247 2779
1248 3384
1249 3354
1250 2857
1251 2543
1252 3243
1253 2601
1254 2895
1255 2704
1256 2125
1257 2838
1258 2763
1259 2365
1260 2892
1261 2250
1262 2245
1263 2579
1264 3061
1265 2921
1266 3319
1267 3019
1268 2697
1269 2405
1270 2372
1271 3073
1272 3773
1273 2932
1274 2803
1275 2938
1276 2659
1277 3066
1278 2504
1279 3222
1280 2786
1281 3207
1282 2401
1283 3018
1284 3076
1285 2631
1286 2980
1287 2793
1288 2850
1289 2951
1290 3073
1291 2912
1292 2962
1293 2877
1294 2746
1295 3090
1296 2473
1297 3689
1298 2288
1299 2938
1300 2871
1301 3358
1302 2229
1303 2502
1304 2704
1305 2948
1306 1203
1307 2999
1308 2502
1309 3065
1310 4065
1311 3014
1312 2859
1313 4244
1314 3279
1315 2476
1316 3004
1317 3017
1318 2757
1319 2545
1320 3297
1321 3148
1322 1975
1323 2723
1324 2780
1325 2212
1326 2419
1327 3135
1328 2780
1329 3488
1330 2881
1331 2586
1332 2955
1333 3306
1334 2325
1335 2773
1336 2689
1337 2617
1338 3169
1339 2114
1340 3286
1341 2386
1342 5120
1343 2491
1344 2487
1345 2955
1346 2963
1347 3041
1348 2886
1349 2822
1350 2844
1351 1632
1352 3142
1353 2514
1354 3560
1355 2537
1356 3083
1357 2717
1358 2766
1359 2445
1360 3786
1361 4585
1362 2741
1363 2967
1364 2816
1365 2741
1366 2148
1367 2652
1368 3036
1369 2686
1370 2502
1371 2742
1372 2757
1373 3245
1374 3206
1375 2998
1376 2729
1377 2850
1378 2855
1379 2534
1380 3417
1381 2882
1382 2671
1383 2410
1384 2570
1385 2450
1386 3225
1387 4739
1388 3884
1389 4137
1390 5784
1391 2744
1392 4376
1393 1819
1394 2131
1395 5447
1396 4573
1397 4914
1398 2675
1399 4026
1400 2118
1401 2505
1402 2674
1403 3181
1404 3171
1405 2702
1406 2566
1407 3183
1408 2756
1409 2970
1410 2530
1411 3033
1412 10458
1413 8238
1414 6053
1415 6160
1416 6680
1417 6555
1418 5581
1419 8496
1420 8823
1421 6237
1422 6183
1423 5159
1424 8552
1425 6066
1426 7975
1427 6683
1428 11283
1429 5776
1430 5859
1431 7033
1432 10139
1433 8644
1434 6360
1435 6201
1436 4968
1437 6996
1438 6586
1439 5739
1440 7654
1441 5391
1442 6400
1443 4257
1444 2310
1445 4302
1446 5725
1447 2112
1448 2511
1449 1911
1450 2510
1451 2175
1452 7934
1453 2811
1454 2900
1455 4072
1456 4880
1457 7558
1458 2856
1459 4385
1460 5414
1461 2549
1462 6882
1463 2377
1464 8168
1465 6017
1466 6304
1467 2906
1468 4469
1469 5178
1470 2490
1471 6976
1472 2849
1473 5644
1474 2722
1475 6995
1476 5317
1477 3282
1478 5415
1479 1620
1480 4641
1481 2704
1482 7186
1483 6249
1484 3201
1485 2735
1486 3019
1487 2936
1488 2567
1489 2978
1490 6090
1491 5480
1492 6675
1493 4958
1494 2914
1495 3011
1496 5640
1497 8916
1498 4276
1499 2063
1500 2811
1501 2990
1502 3352
1503 3130
1504 2570
1505 2818
1506 2754
1507 2887
1508 682
1509 4662
1510 3324
1511 4563
1512 2832
1513 2585
1514 2442
1515 3030
1516 2796
1517 2553
1518 1711
1519 2321
1520 3128
1521 2390
1522 2062
1523 2844
1524 2412
1525 2141
1526 3279
1527 2793
1528 2905
1529 3113
1530 2502
1531 2823
1532 2697
1534 142
1535 112
1536 1105
1537 77
1538 3405
1539 2559
1540 3122
1541 2677
1542 2588
1543 3102
1544 2961
1545 3016
1546 2919
1547 3073
1548 3370
1549 3222
1550 2892
1551 4225
1552 2744
1553 2361
1554 5538
1555 4301
1556 2680
1557 1042
1558 2663
1559 3020
1560 3158
1561 2992
1562 1861
1563 3408
1564 3964
1565 2905
1566 3629
1567 3005
1568 2972
1569 2171
1570 1209
1571 2436
1572 3480
1573 3027
1574 2902
1575 2742
1576 2718
1577 3270
1578 3478
1579 2304
1580 2873
1581 3034
1582 3118
1583 2923
1584 3198
1585 2626
1586 3115
1587 5467
1588 2835
1589 3068
1590 3066
1591 3026
1592 2973
1593 2380
1594 3593
1595 2965
1596 2587
1597 2711
1598 3342
1599 1862
1600 2883
1601 3612
1602 2360
1603 3833
1604 3282
1605 3765
1606 3673
1607 4368
1608 3707
1609 3486
1610 3380
1611 4890
1612 1649
1613 3101
1614 3114
1615 2886
1616 2846
1617 1534
1618 2920
1619 3205
1620 3548
1621 3502
1622 3340
1623 5118
1624 3522
1625 3813
1626 1685
1627 2820
1628 1418
1629 3235
1630 3321
1631 3478
1632 4198
1633 3668
1634 5653
1635 2734
1636 2707
1637 2494
1638 1729
1639 2509
1640 2202
1641 2442
1642 3992
1643 2759
1644 2552
1645 2503
1646 2689
1647 2650
1648 3629
1649 1027
1650 2359
1651 2468
1652 6229
1653 1750
1654 2357
1655 3774
1656 3301
1657 2070
1658 2244
1659 5340
1660 1710
1661 2047
1662 4496
1663 1616
1664 4352
1665 2221
1666 3265
1667 1863
1668 3084
1669 4089
1670 1985
1671 2586
1672 2047
1673 1722
1674 3273
1675 3920
1676 5034
1677 1812
1678 2034
1679 3447
1680 1434
1681 2915
1682 2685
1683 2919
1684 1345
1685 1307
1686 1365
1687 2659
1688 2494
1689 4556
1690 3271
1691 1530
1692 1382
1693 1479
1694 2705
1695 2464
1696 2920
1697 1581
1698 1459
1699 2810
1700 4042
1701 1657
1702 2902
1703 4630
1704 2429
1705 1392
1706 3218
1707 2040
1708 1164
1709 1146
1710 2125
1711 959
1712 2165
1713 4382
1714 2204
1715 3854
1716 2756
1717 4687
1718 3072
1719 5632
1720 1301
1721 4486
1722 6005
1723 2470
1724 4602
1725 5319
1726 3106
1727 2205
1728 3653
1729 2045
1730 1286
1731 4263
1732 3281
1733 4313
1734 3103
1735 3870
1736 2798
1737 4649
1738 2059
1739 1022
1740 1280
1741 4046
1742 2277
1743 4620
1744 4702
1745 3690
1746 3793
1747 6693
1748 2405
1749 3244
1750 2631
1751 1821
1752 1617
1753 2358
1754 4698
1755 3713
1756 4016
1757 1425
1758 3158
1759 5372
1760 3559
1761 2071
1762 4229
1763 2432
1764 3497
1765 3497
1766 4723
1767 1177
1768 5801
1769 742
1770 2498
1771 3871
1772 1377
1773 861
1774 1070
1775 1012
1776 874
1777 994
1778 925
1779 950
1780 961
1781 879
1782 2054
1783 1724
1784 992
1785 974
1786 1004
1787 864
1788 791
1789 854
1790 873
1791 851
1792 1527
1793 2374
1794 867
1795 1503
1796 1592
1797 691
1798 878
1799 1009
1800 986
1801 941
1802 3613
1803 4265
1804 4691
1805 3871
1806 3723
1807 2385
1808 3471
1809 3705
1810 5063
1811 5211
1812 3607
1813 9795
1814 3147
1815 3341
1816 3764
1817 3883
1818 3997
1819 5141
1820 5592
1821 3248
1822 1618
1823 4720
1824 3659
1825 2802
1826 3615
1827 2765
1828 2940
1829 2542
1830 7051
1831 3105
1832 5690
1833 3318
1834 5200
1835 4327
1836 3991
1837 5772
1838 3075
1839 1976
1840 6139
1841 1731
1842 3029
1843 3431
1844 3375
1845 3303
1846 3400
1847 3122
1848 4635
1849 5122
1850 3212
1851 1752
1852 2972
1853 2724
1854 2043
1855 1828
1856 5477
1857 3244
1858 3505
1859 6025
1860 3759
1861 3520
1862 3280
1863 5197
1864 3915
1865 5102
1866 3076
1867 4949
1868 5349
1869 5230
1870 7597
1871 4801
1872 5124
1873 5141
1874 4915
1875 5509
1876 4749
1877 2598
1878 2804
1879 2202
1880 3354
1881 3601
1882 2955
1883 1017
1884 3065
1885 2973
1886 8059
1887 4949
1888 3860
1889 3186
1890 3222
1891 1786
1892 6703
1893 4311
1894 5953
1895 5776
1896 6293
1897 2425
1898 8803
1899 6189
1900 6052
1901 2625
1902 4897
1903 2306
1904 131
1905 2010
1906 1924
1907 3687
1908 534
1909 6879
1910 3716
1911 2494
1912 5638
1913 3336
1914 651
1915 4218
1916 1648
1917 4915
1918 5838
1919 3858
1920 2315
1921 3452
1922 5647
1923 3819
1924 3884
1925 3623
1926 2045
1927 3468
1928 2217
1929 3272
1930 1842
1931 2102
1932 1279
1933 4994
1934 4456
1935 4823
1936 25
1937 3616
1938 4613
1939 1445
1940 3378
1941 3152
1942 2760
1943 2908
1944 5677
1945 3106
1946 3511
1947 4480
1948 1349
1949 3009
1950 4974
1951 1736
1952 4288
1953 4344
1954 2785
1955 2212
1956 3212
1957 4694
1958 6512
1959 2728
1960 5024
1961 2748
1962 1052
1963 4555
1964 6758
1965 4131
1966 1603
1967 3104
1968 3268
1969 1481
1970 4148
1971 1266
1972 1613
1973 1551
1974 2096
1975 2914
1976 3598
1977 169
1978 2899
1979 3674
1980 2008
1981 2203
1982 5327
1983 2253
1984 5633
1985 6873
1986 2956
1987 5835
1988 5288
1989 3314
1990 2902
1991 2653
1992 3218
1993 5856
1994 3366
1995 3657
1996 3178
1997 3815
1998 4576
1999 4139
2000 1270
2001 2164
2002 3781
2003 2758
2004 1565
2005 3156
2006 2166
2007 3059
2008 3564
2009 3066
2010 1075
2011 3582
2012 2538
2013 2557
2014 1189
2015 3544
2016 3797
2017 3828
2018 3479
2019 1421
2020 5162
2021 2961
2022 3038
2023 4980
2024 4901
2025 3627
2026 3361
2027 2211
2028 4308
2029 2618
2030 5262
2031 3700
2032 1868
2033 2702
2034 5575
2035 1021
2036 3215
2037 107
2038 3955
2039 1585
2040 4255
2041 4119
2042 5135
2043 4399
2044 3674
2045 1394
2046 4225
2047 2781
2048 1709
2049 1375
2050 4886
2051 3441
2052 4509
2053 3371
2054 3051
2055 5251
2056 3763
2057 1522
2058 1608
2059 4727
2060 1447
2061 3532
2062 3355
2063 3090
2064 3030
2065 1774
2066 3563
2067 3291
2068 3317
2069 3143
2070 2062
2071 1675
2072 953
2073 3220
2074 5741
2075 1811
2076 3580
2077 3970
2078 2565
2079 1687
2080 2156
2081 3304
2082 2001
2083 2758
2084 1194
2085 3408
2086 1846
2087 3320
2088 2807
2089 1909
2090 1087
2091 1764
2092 3666
2093 3469
2094 1184
2095 1279
2096 4591
2097 586
2098 1947
2099 3818
2100 3057
2101 2427
2102 3795
2103 1569
2104 3078
2105 2766
2106 1883
2107 2547
2108 3898
2109 1727
2110 2073
2111 930
2112 2827
2113 3321
2114 1473
2115 2986
2116 128
2117 4688
2118 4126
2119 2039
2120 2931
2121 2144
2122 3137
2123 1928
2124 2021
2125 5442
2126 3560
2127 2943
2128 1923
2129 8705
2130 2630
2131 1684
2132 2572
2133 5405
2134 4402
2135 3753
2136 1861
2137 5482
2138 2649
2139 460
2140 1676
2141 4656
2142 1475
2143 1914
2144 2744
2145 5641
2146 2503
2147 3982
2148 1554
2149 5611
2150 2354
2151 2884
2152 2166
2153 5075
2154 2306
2155 1110
2156 3035
2157 4783
2158 1175
2159 3184
2160 1473
2161 5418
2162 1060
2163 347
2164 53
2165 3648
2166 1577
2167 3578
2168 2126
2169 2801
2170 556
2171 3693
2172 6178
2173 6498
2174 3947
2175 1183
2176 2317
2177 539
2178 822
2179 2718
2180 1723
2181 3513
2182 3197
2183 2362
2184 7867
2185 1115
2186 3605
2187 6769
2188 4791
2189 2554
2190 3965
2191 2154
2192 3699
2193 6636
2194 4352
2195 2085
2196 4730
2197 3411
2198 4088
2199 7485
2200 3247
2201 1103
2202 4344
2203 1490
2204 3886
2205 6902
2206 3735
2207 1106
2208 1335
2209 1736
2210 4722
2211 6257
2212 3716
2213 2024
2214 1077
2215 1558
2216 2624
2217 6945
2218 3241
2219 2824
2220 2097
2221 4901
2222 2221
2223 7374
2224 4375
2225 1591
2226 2632
2227 1854
2228 2596
2229 6656
2230 3413
2231 968
2232 2449
2233 3227
2234 3427
2235 2994
2236 1719
2237 2326
2238 3759
2239 4358
2240 3922
2241 2161
2242 5391
2243 2985
2244 1499
2245 25
2246 3488
2247 6640
2248 1770
2249 3307
2250 2954
2251 5684
2252 2797
2253 2652
2254 3973
2255 3569
2256 3341
2257 3437
2258 4445
2259 4707
2260 2811
2261 4282
2262 3918
2263 3541
2264 3710
2265 3639
2266 3229
2267 3140
2268 3419
2269 2959
2270 3715
2271 3509
2272 1713
2273 4614
2274 1443
2275 2784
2276 2749
2277 5251
2278 3411
2279 3911
2280 1518
2281 2955
2282 4023
2283 3173
2284 1723
2285 3265
2286 3197
2287 3287
2288 2278
2289 3083
2290 2720
2291 2645
2292 2813
2293 1354
2294 3077
2295 2558
2296 2069
2297 2815
2298 2052
2299 1162
2300 4287
2301 2794
2302 1397
2303 2378
2304 1365
2305 2336
2306 3093
2307 1480
2308 3552
2309 4147
2310 3251
2311 2573
2312 4123
2313 3368
2314 3356
2315 1308
2316 2383
2317 3829
2318 2843
2319 2445
2320 1193
2321 2374
2322 3100
2323 2106
2324 1169
2325 2815
2326 968
2327 2217
2328 1123
2329 3223
2330 3642
2331 1434
2332 2637
2333 1144
2334 3236
2335 1769
2336 1111
2337 1119
2338 3454
2339 1263
2340 1085
2341 1168
2342 2651
2343 2483
2344 3423
2345 1278
2346 1260
2347 2176
2348 1101
2349 2482
2350 989
2351 1239
2352 2391
2353 2244
2354 3261
2355 1541
2356 1654
2357 1186
2358 2146
2359 4492
2360 1836
2361 2323
2362 4498
2363 1105
2364 2731
2365 2455
2366 1508
2367 1122
2368 1401
2369 2250
2370 2813
2371 1165
2372 1222
2373 3832
2374 1462
2375 1282
2376 1240
2377 2130
2378 3640
2379 2398
2380 2267
2381 2459
2382 3462
2383 1948
2384 1206
2385 1064
2386 1100
2387 1894
2388 3056
2389 3469
2390 1115
2391 1137
2392 1100
2393 1099
2394 3601
2395 2790
2396 2721
2397 3567
2398 2273
2399 5347
2400 3265
2401 4118
2402 2322
2403 1655
2404 1194
2405 2637
2406 4346
2407 2141
2408 1657
2409 1036
2410 1731
2411 3193
2412 1675
2413 1993
2414 3944
2415 4586
2416 3901
2417 3363
2418 1532
2419 2141
2420 2480
2421 2005
2422 3327
2423 3031
2424 2610
2425 4714
2426 2445
2427 2831
2428 1278
2429 1277
2430 1817
2431 3223
2432 698
2433 2215
2434 3032
2435 1531
2436 1561
2437 2341
2438 1905
2439 2865
2440 1228
2441 3055
2442 788
2443 2254
2444 1938
2445 2347
2446 2640
2447 1571
2448 2663
2449 3179
2450 2846
2451 2033
2452 1321
2453 1244
2454 4666
2455 4393
2456 3689
2457 4355
2458 4375
2459 4319
2460 4356
2461 3808
2462 4293
2463 3812
2464 4455
2465 2462
2466 2149
2467 2294
2468 2118
2469 2036
2470 2402
2471 1340
2472 2699
2473 2281
2474 2149
2475 2622
2476 1977
2477 2628
2478 1357
2479 1163
2480 2462
2481 2076
2482 2850
2483 3693
2484 1673
2485 3623
2486 3285
2487 2850
2488 3872
2489 4325
2490 4058
2491 4456
2492 3076
2493 3680
2494 2814
2495 3801
2496 1388
2497 2532
2498 5122
2499 4253
2500 2772
2501 6183
2502 1677
2503 3123
2504 3515
2505 3056
2506 3501
2507 4090
2508 1465
2509 3255
2510 2077
2511 1976
2512 893
2513 1914
2514 5143
2515 5295
2516 5461
2517 4870
2518 7936
2519 6288
2520 3815
2521 8119
2522 6366
2523 7445
2524 6989
2525 4940
2526 6332
2527 4185
2528 6482
2529 3938
2530 5114
2531 3027
2532 3695
2533 5148
2534 2820
2535 3932
2536 1723
2537 4182
2538 4387
2539 2110
2540 3264
2541 1743
2542 2182
2543 2401
2544 3309
2545 3149
2546 3308
2547 3793
2548 1505
2549 2296
2550 3644
2551 3498
2552 4223
2553 2391
2554 2797
2555 3313
2556 3059
2557 3305
2558 4010
2559 3280
2560 3211
2561 3634
2562 4049
2563 2889
2564 3252
2565 3526
2566 3631
2567 3658
2568 3704
2569 3027
2570 2992
2571 3113
2572 2968
2573 2152
2574 3293
2575 239
2576 3286
2577 1682
2578 881
2579 2314
2580 1951
2581 901
2582 2917
2583 1336
2584 1517
2585 2058
2586 3061
2587 1562
2588 1203
2589 838
2590 1548
2591 892
2592 2095
2593 2260
2594 90
2595 627
2596 1333
2597 1962
2598 680
2599 1447
2600 1750
2601 1386
2602 831
2603 1654
2604 2283
2605 2212
2606 3293
2607 2785
2608 3706
2609 3117
2610 5389
2611 4919
2612 9694
2613 5221
2614 6642
2615 5488
2616 6359
2617 3891
2618 5634
2619 6489
2620 4881
2621 6122
2622 5543
2623 5853
2624 4711
2625 4542
2626 6711
2627 1126
2628 2210
2629 3010
2630 1169
2631 2091
2632 2417
2633 3090
2634 3397
2635 3726
2636 1385
2637 1169
2638 2531
2639 2367
2640 2322
2641 1998
2642 2308
2643 2136
2644 2371
2645 2292
2646 840
2647 2503
2648 1380
2649 1246
2650 1330
2651 2226
2652 1338
2653 3468
2654 2372
2655 2665
2656 2333
2657 2558
2658 1316
2659 3037
2660 4759
2661 1563
2662 3328
2663 2091
2664 1029
2665 3201
2666 1117
2667 1224
2668 4879
2669 3495
2670 1346
2671 2861
2672 749
2673 1036
2674 2060
2675 4074
2676 2179
2677 3632
2678 2784
2679 4249
2680 6758
2681 1322
2682 4132
2683 3575
2684 3926
2685 3341
2686 1807
2687 5254
2688 5984
2689 5859
2690 1851
2691 3591
2692 3206
2693 3598
2694 3850
2695 1436
2696 4331
2697 1458
2698 4580
2699 2839
2700 1996
2701 3957
2702 1471
2703 3973
2704 4501
2705 1482
2706 3072
2707 3425
2708 2614
2709 2075
2710 3814
2711 1211
2712 1354
2713 1303
2714 1317
2715 1260
2716 1384
2717 2368
2718 1415
2719 4016
2720 973
2721 2760
2722 1484
2723 3244
2724 3759
2725 1285
2726 2404
2727 2352
2728 2572
2729 2660
2730 998
2731 4729
2732 2594
2733 1882
2734 2393
2735 1283
2736 1182
2737 3126
2738 2995
2739 3831
2740 4745
2741 3168
2742 2719
2743 2866
2744 3241
2745 3936
2746 3693
2747 3326
2748 4324
2749 1838
2750 2570
2751 3175
2752 4642
2753 3834
2754 2887
2755 1918
2756 1919
2757 1861
2758 2143
2759 1652
2760 3147
2761 3398
2762 2418
2763 1070
2764 2270
2765 2788
2766 3583
2767 3432
2768 4272
2769 3717
2770 4005
2771 3684
2772 2955
2773 3730
2774 3341
2775 3157
2776 3607
2777 3130
2778 3557
2779 3352
2780 2901
2781 3522
2782 4476
2783 4669
2784 1593
2785 3271
2786 2851
2787 4689
2788 3340
2789 4926
2790 3325
2791 3999
2792 2887
2793 4797
2794 3087
2795 5043
2796 3019
2797 3836
2798 3881
2799 3995
2800 2959
2801 2811
2802 4946
2803 5336
2804 2983
2805 2238
2806 6458
2807 3895
2808 7223
2809 5188
2810 1173
2811 3176
2812 4046
2813 1093
2814 1454
2815 3394
2816 2540
2817 3133
2818 3218
2819 4251
2820 1242
2821 1664
2822 3544
2823 4089
2824 2552
2825 1283
2826 1167
2827 1813
2828 2835
2829 4377
2830 3801
2831 4990
2832 4617
2833 3053
2834 6242
2835 6327
2836 4959
2837 5031
2838 4487
2839 3552
2840 1102
2841 4870
2842 6119
2843 4563
2844 3993
2845 2528
2846 3674
2847 4739
2848 3347
2849 4018
2850 1228
2851 2874
2852 2395
2853 1643
2854 3633
2855 4752
2856 3857
2857 4341
2858 1362
2859 1725
2860 4935
2861 3962
2862 6555
2863 3987
2864 4144
2865 4352
2866 1454
2867 5182
2868 3356
2869 5207
2870 2962
2871 4548
2872 1350
2873 1182
2874 8000
2875 4308
2876 5190
2877 2727
2878 5181
2879 3678
2880 1899
2881 5237
2882 4027
2883 5295
2884 3321
2885 4370
2886 1524
2887 1520
2888 4503
2889 3406
2890 4837
2891 2778
2892 5418
2893 1621
2894 1849
2895 2870
2896 3474
2897 6709
2898 1710
2899 6214
2900 4098
2901 1609
2902 6075
2903 3760
2904 6546
2905 1376
2906 6246
2907 4317
2908 2899
2909 5694
2910 3407
2911 3246
2912 1513
2913 4769
2914 1703
2915 3517
2916 3277
2917 3261
2918 3589
2919 5689
2920 4498
2921 5252
2922 3214
2923 4478
2924 3243
2925 3586
2926 3168
2927 5599
2928 1646
2929 1756
2930 3128
2931 2011
2932 2738
2933 3211
2934 2954
2935 2789
2936 4566
2937 4275
2938 4808
2939 4903
2940 4550
2941 3980
2942 2501
2943 2528
2944 3267
2945 5225
2946 2928
2947 3500
2948 3778
2949 1469
2950 3281
2951 3130
2952 3161
2953 2982
2954 5233
2955 6019
2956 2984
2957 3264
2958 5674
2959 1482
2960 2583
2961 4324
2962 5373
2963 3105
2964 4120
2965 4413
2966 5365
2967 1736
2968 4468
2969 4279
2970 95
2971 5975
2972 3021
2973 1304
2974 4261
2975 3832
2976 4435
2977 4188
2978 4284
2979 6472
2980 3856
2981 4179
2982 4339
2983 4254
2984 3854
2985 4308
2986 2755
2987 2250
2988 2788
2989 2888
2990 2913
2991 2783
2992 2522
2993 2722
2994 3379
2995 3014
2996 3453
2997 3270
2998 2827
2999 2600
3000 2595
3001 2945
3002 3299
3003 3401
3004 4508
3005 4071
3006 4095
3007 5498
3008 4154
3009 5324
3010 4737
3011 5852
3012 3662
3013 2932
3014 3390
3015 4298
3016 4599
3017 4558
3018 2972
3019 2514
3020 2924
3021 2850
3022 1309
3023 4191
3024 3737
3025 5000
3026 5173
3027 4632
3028 2336
3029 3718
3030 3210
3031 3776
3032 4150
3033 2612
3034 3250
3035 4778
3036 3626
3037 3381
3038 4790
3039 4199
3040 4488
3041 4052
3042 4296
3043 4434
3044 4125
3045 3623
3046 3990
3047 4060
3048 4014
3049 4368
3050 965
3051 3480
3052 4974
3053 5020
3054 4289
3055 3080
3056 1589
3057 4178
3058 1683
3059 6517
3060 3987
3061 3080
3062 1530
3063 4460
3064 4083
3065 2405
3066 2839
3067 5074
3068 2012
3069 4845
3070 1699
3071 4286
3072 4273
3073 2555
3074 3677
3075 5431
3076 4883
3077 4399
3078 4503
3079 3297
3080 4026
3081 4187
3082 5075
3083 3117
3084 6105
3085 5466
3086 3448
3087 2750
3088 4097
3089 4103
3090 874
3091 6162
3092 5809
3093 2276
3094 1735
3095 5519
3096 3673
3097 1277
3098 1329
3099 3919
3100 1465
3101 526
3102 1803
3103 798
3104 1030
3105 3350
3106 1511
3107 1835
3108 3798
3109 737
3110 1362
3111 1677
3112 3727
3113 3955
3114 2088
3115 3930
3116 3358
3117 3676
3118 4059
3119 2110
3120 4122
3121 3690
3122 3887
3123 4018
3124 1969
3125 3173
3126 3589
3127 4425
3128 4033
3129 1875
3130 3914
3131 3777
3132 2820
3133 3660
3134 3624
3135 3405
3136 2771
3137 1874
3138 4269
3139 1745
3140 1325
3141 2673
3142 3573
3143 5273
3144 1635
3145 1837
3146 4152
3147 2356
3148 1635
3149 3553
3150 1869
3151 1507
3152 2771
3153 1384
3154 1598
3155 3406
3156 1702
3157 1574
3158 2247
3159 2494
3160 2876
3161 2662
3162 3202
3163 2707
3164 1937
3165 6261
3166 2891
3167 5505
3168 6110
3169 3516
3170 1650
3171 2077
3172 1578
3173 1314
3174 1800
3175 1367
3176 68
3177 2128
3178 1493
3179 1576
3180 1567
3181 1622
3182 3992
3183 859
3184 4673
3185 1516
3186 3238
3187 2624
3188 1485
3189 1578
3190 6877
3191 5592
3192 6458
3193 3421
3194 4809
3195 7184
3196 4573
3197 5185
3198 6510
3199 1901
3200 2318
3201 2573
3202 5143
3203 2337
3204 3224
3205 3219
3206 2589
3207 3291
3208 2667
3209 3605
3210 3288
3211 1083
3212 3540
3213 2492
3214 1133
3215 2561
3216 1470
3217 2922
3218 2518
3219 3568
3220 2476
3221 2881
3222 7772
3223 6507
3224 5621
3225 5449
3226 7180
3227 3640
3228 4618
3229 7097
3230 4112
3231 4951
3232 3778
3233 5279
3234 2622
3235 5595
3236 1875
3237 3500
3238 2366
3239 1833
3240 3442
3241 1966
3242 3873
3243 3168
3244 4074
3245 3601
3246 1804
3247 4693
3248 3353
3249 3004
3250 8126
3251 3453
3252 6205
3253 3372
3254 592
3255 2966
3256 2047
3257 2099
3258 4089
3259 2189
3260 3055
3261 3970
3262 4052
3263 1412
3264 2830
3265 3234
3266 1554
3267 3322
3268 2654
3269 5346
3270 1034
3271 3826
3272 4204
3273 1311
3274 3099
3275 3706
3276 3458
3277 2543
3278 1452
3279 2503
3280 4403
3281 1811
3282 2647
3283 3099
3284 8009
3285 3036
3286 1423
3287 2626
3288 3626
3289 4372
3290 1396
3291 1245
3292 1915
3293 6814
3294 2762
3295 1666
3296 3153
3297 2388
3298 2333
3299 5011
3300 5342
3301 1854
3302 4016
3303 2718
3304 4070
3305 1437
3306 2922
3307 5161
3308 2283
3309 2825
3310 2222
3311 2806
3312 1012
3313 1062
3314 1982
3315 1092
3316 829
3317 996
3318 1712
3319 1510
3320 2079
3321 1649
3322 934
3323 916
3324 1886
3325 2040
3326 1488
3327 932
3328 835
3329 1819
3330 1801
3331 2315
3332 1144
3333 327
3334 234
3335 1801
3336 1057
3337 4321
3338 2801
3339 2948
3340 522
3341 6491
3342 2221
3343 3875
3344 2559
3345 4720
3346 4383
3347 3457
3348 4473
3349 5163
3350 3339
3351 2373
3352 3660
3353 4452
3354 5339
3355 2694
3356 2161
3357 4735
3358 2524
3359 4026
3360 3191
3361 5325
3362 872
3363 1955
3364 3391
3365 4448
3366 3644
3367 2674
3368 3094
3369 2794
3370 2149
3371 3588
3372 4517
3373 3009
3374 1271
3375 1428
3376 1992
3377 2218
3378 3528
3379 3496
3380 3363
3381 2374
3382 3329
3383 3478
3384 3458
3385 2458
3386 3303
3387 3818
3388 2598
3389 2476
3390 2399
3391 2609
3392 3604
3393 2547
3394 2970
3395 3710
3396 2314
3397 1611
3398 3829
3399 3100
3400 3924
3401 2867
3402 3618
3403 3336
3404 4147
3405 3117
3406 4408
3407 3509
3408 2024
3409 2378
3410 1544
3411 938
3412 4322
3413 4351
3414 2631
3415 2282
3416 5015
3417 3036
3418 2589
3419 4594
3420 3626
3421 2122
3422 1623
3423 2154
3424 3771
3425 3680
3426 3465
3427 1918
3428 4399
3429 874
3430 4093
3431 3338
3432 2330
3433 1906
3434 3185
3435 3454
3436 2925
3437 4303
3438 2845
3439 3295
3440 1719
3441 4194
3442 3828
3443 4675
3444 2499
3445 874
3446 2713
3447 2601
3448 891
3449 1893
3450 3037
3451 3067
3452 2750
3453 2254
3454 4510
3455 3245
3456 2809
3457 2543
3458 2801
3459 2856
3460 2895
3461 3638
3462 2773
3463 3950
3464 2644
3465 3540
3466 3877
3467 4179
3468 4950
3469 4495
3470 2944
3471 1602
3472 4486
3473 1374
3474 4598
3475 1461
3476 2663
3477 3040
3478 3652
3479 2912
3480 4753
3481 4641
3482 3203
3483 2659
3484 4218
3485 5039
3486 3953
3487 4745
3488 3165
3489 3002
3490 3344
3491 1596
3492 3347
3493 2860
3494 1290
3495 3213
3496 4083
3497 3719
3498 3584
3499 2392
3500 3305
3501 2081
3502 3625
3503 941
3504 3310
3505 5496
3506 2661
3507 3813
3508 6767
3509 2489
3510 1393
3511 2845
3512 3727
3513 3808
3514 2597
3515 2379
3516 1310
3517 2471
3518 3471
3519 2525
3520 3756
3521 3292
3522 3431
3523 3677
3524 2495
3525 1251
3526 1256
3527 4077
3528 1782
3529 2080
3530 1276
3531 2533
3532 2508
3533 4190
3534 2702
3535 5930
3536 3353
3537 6527
3538 3506
3539 6612
3540 3412
3541 4835
3542 2792
3543 4192
3544 2518
3545 3330
3546 2561
3547 5179
3548 2325
3549 4231
3550 2718
3551 4005
3552 6956
3553 2669
3554 3673
3555 3012
3556 3402
3557 2670
3558 3355
3559 2301
3560 4222
3561 1258
3562 2556
3563 3268
3564 1280
3565 2864
3566 2447
3567 3037
3568 4150
3569 4225
3570 4004
3571 3533
3572 3850
3573 5013
3574 4157
3575 3892
3576 2406
3577 3770
3578 3552
3579 2630
3580 4747
3581 5288
3582 1549
3583 4153
3584 5687
3585 3893
3586 3382
3587 1775
3588 4388
3589 1346
3590 4603
3591 1244
3592 1087
3593 2386
3594 2559
3595 2528
3596 2628
3597 3649
3598 1958
3599 2472
3600 2178
3601 1140
3602 1071
3603 1116
3604 2603
3605 2000
3606 2857
3607 2191
3608 2801
3609 3149
3610 2173
3611 1170
3612 1121
3613 1009
3614 951
3615 1414
3616 1463
3617 341
3618 1076
3619 2499
3620 2098
3621 1749
3622 1649
3623 1313
3624 667
3625 503
3626 444
3627 1038
3628 4279
3629 904
3630 2198
3631 2598
3632 1603
3633 158
3634 1155
3635 2064
3636 4094
3637 1401
3638 1075
3639 1368
3640 2080
3641 555
3642 838
3643 2452
3644 2253
3645 829
3646 1562
3647 1602
3648 1513
3649 1055
3650 838
3651 1925
3652 937
3653 1234
3654 1125
3655 3773
3656 1767
3657 3825
3658 3710
3659 3581
3660 3964
3661 3938
3662 3466
3663 3606
3664 1902
3665 5613
3666 1905
3667 1457
3668 1547
3669 2911
3670 2064
3671 1497
3672 3577
3673 2509
3674 4567
3675 1693
3676 2708
3677 2682
3678 3476
3679 2766
3680 3102
3681 3951
3682 1604
3683 2187
3684 4476
3685 1873
3686 2207
3687 1835
3688 5070
3689 3664
3690 5096
3691 2192
3692 5882
3693 3748
3694 3337
3695 4589
3696 5219
3697 2728
3698 3699
3699 3396
3700 4825
3701 4091
3702 1914
3703 1783
3704 1603
3705 2249
3706 2839
3707 2162
3708 3693
3709 2779
3710 4575
3711 6054
3712 4562
3713 3186
3714 2708
3715 3879
3716 2418
3717 1440
3718 1609
3719 3321
3720 2026
3721 5339
3722 4480
3723 1575
3724 1713
3725 3313
3726 3604
3727 5751
3728 2669
3729 1444
3730 1613
3731 2650
3732 1335
3733 4125
3734 2652
3735 4703
3736 1572
3737 3378
3738 1506
3739 1761
3740 2575
3741 4859
3742 2135
3743 1601
3744 1544
3745 1955
3746 4323
3747 4383
3748 1558
3749 1499
3750 1626
3751 1637
3752 3496
3753 4277
3754 3540
3755 3900
3756 1855
3757 1353
3758 3885
3759 1451
3760 3022
3761 4626
3762 3820
3763 5079
3764 3146
3765 2951
3766 3316
3767 2781
3768 3288
3769 2678
3770 2943
3771 1675
3772 2840
3773 2054
3774 2628
3775 2601
3776 2083
3777 3779
3778 2612
3779 3002
3780 1340
3781 3811
3782 1484
3783 1766
3784 3107
3785 1706
3786 4254
3787 3303
3788 3112
3789 2908
3790 3098
3791 2879
3792 1785
3793 2029
3794 3707
3795 1159
3796 3712
3797 2780
3798 2707
3799 2868
3800 2835
3801 1681
3802 2841
3803 1913
3804 1796
3805 3378
3806 2318
3807 2520
3808 3205
3809 1332
3810 2846
3811 2703
3812 3880
3813 1304
3814 2841
3815 2635
3816 2899
3817 1529
3818 2729
3819 2905
3820 1439
3821 2958
3822 2576
3823 4036
3824 4564
3825 4456
3826 3940
3827 3717
3828 3789
3829 3786
3830 1782
3831 3395
3832 3089
3833 3867
3834 1695
3835 2581
3836 3863
3837 2793
3838 2541
3839 3285
3840 4806
3841 2056
3842 3123
3843 1475
3844 5244
3845 1577
3846 4812
3847 5542
3848 4592
3849 5650
3850 2275
3851 1845
3852 2579
3853 1383
3854 6547
3855 5039
3856 1699
3857 4174
3858 1647
3859 4118
3860 3227
3861 3145
3862 2314
3863 1745
3864 4953
3865 3308
3866 3100
3867 3746
3868 1589
3869 4863
3870 2285
3871 1243
3872 2413
3873 938
3874 1057
3875 2352
3876 2315
3877 2879
3878 1802
3879 1618
3880 3554
3881 5278
3882 1612
3883 2431
3884 1845
3885 1374
3886 1565
3887 1899
3888 2828
3889 4901
3890 1913
3891 2086
3892 6388
3893 2946
3894 1440
3895 2769
3896 1640
3897 3466
3898 1633
3899 1528
3900 4730
3901 3725
3902 4091
3903 4871
3904 3717
3905 1565
3906 2121
3907 4651
3908 1781
3909 1214
3910 1530
3911 5153
3912 5514
3913 3430
3914 2564
3915 2954
3916 1653
3917 1548
3918 2179
3919 2265
3920 3128
3921 2450
3922 1609
3923 1910
3924 3633
3925 2831
3926 4895
3927 1644
3928 1824
3929 1210
3930 3323
3931 7244
3932 4705
3933 4608
3934 1799
3935 4791
3936 3520
3937 3507
3938 6408
3939 2928
3940 3867
3941 4070
3942 3636
3943 3188
3944 2794
3945 4334
3946 2855
3947 4407
3948 4689
3949 3383
3950 4043
3951 5101
3952 3263
3953 3107
3954 3872
3955 3463
3956 4233
3957 3077
3958 2944
3959 3593
3960 3083
3961 4073
3962 5470
3963 1521
3964 5024
3965 1393
3966 3354
3967 3427
3968 1534
3969 1188
3970 3568
3971 1625
3972 3343
3973 2287
3974 5001
3975 1607
3976 6306
3977 1490
3978 2864
3979 1575
3980 3254
3981 3659
3982 3585
3983 2093
3984 3383
3985 1351
3986 3167
3987 1625
3988 1585
3989 3495
3990 3822
3991 2267
3992 1797
3993 4539
3994 1690
3995 1916
3996 1162
3997 4255
3998 1801
3999 1667
4000 3107
4001 1427
4002 1912
4003 1564
4004 1930
4005 1429
4006 1073
4007 1588
4008 6232
4009 5959
4010 6835
4011 6077
4012 6732
4013 4716
4014 6544
4015 5977
4016 4967
4017 3899
4018 5162
4019 9286
4020 6538
4021 4206
4022 2538
4023 1882
4024 1446
4025 2413
4026 1878
4027 6046
4028 1178
4029 2917
4030 1536
4031 4504
4032 1893
4033 3788
4034 5011
4035 3243
4036 2125
4037 3251
4038 4104
4039 4069
4040 2336
4041 2898
4042 1346
4043 1840
4044 2701
4045 3929
4046 3226
4047 3444
4048 4032
4049 3013
4050 4251
4051 3413
4052 2744
4053 4026
4054 1502
4055 3355
4056 4553
4057 4518
4058 2618
4059 3458
4060 1217
4061 3519
4062 1660
4063 2967
4064 2703
4065 1579
4066 4927
4067 5007
4068 2117
4069 3360
4070 7282
4071 7998
4072 5131
4073 3302
4074 2789
4075 3188
4076 3062
4077 2524
4078 6324
4079 5315
4080 1161
4081 2536
4082 4299
4083 2777
4084 2719
4085 2747
4086 3123
4087 2290
4088 2724
4089 3173
4090 2934
4091 3362
4092 3800
4093 2474
4094 2573
4095 7005
4096 2456
4097 2936
4098 2641
4099 2557
4100 1232
4101 2094
4102 2552
4103 2546
4104 1727
4105 2255
4106 2322
4107 2479
4108 1270
4109 2320
4110 2301
4111 2343
4112 1372
4113 2802
4114 2559
4115 1245
4116 1061
4117 1276
4118 2217
4119 1146
4120 1249
4121 1262
4122 1249
4123 1079
4124 3172
4125 1774
4126 1086
4127 1208
4128 1254
4129 2699
4130 2700
4131 3137
4132 2588
4133 2171
4134 2428
4135 1741
4136 4129
4137 3198
4138 4477
4139 3401
4140 4612
4141 3033
4142 850
4143 2330
4144 2289
4145 2541
4146 2191
4147 1385
4148 1496
4149 2013
4150 2051
4151 1633
4152 1828
4153 2345
4154 1831
4155 2759
4156 1462
4157 1492
4158 1113
4159 2674
4160 1332
4161 1365
4162 2328
4163 2272
4164 3737
4165 1437
4166 2387
4167 2204
4168 3664
4169 2628
4170 2358
4171 2000
4172 3818
4173 2017
4174 2811
4175 3068
4176 2235
4177 5687
4178 3709
4179 1395
4180 3048
4181 4577
4182 2638
4183 1475
4184 1447
4185 2129
4186 6048
4187 3720
4188 2233
4189 2018
4190 2610
4191 4557
4192 4975
4193 4450
4194 4143
4195 2791
4196 2242
4197 3779
4198 3018
4199 4838
4200 4738
4201 1860
4202 3174
4203 2828
4204 3885
4205 4909
4206 275
4207 2788
4208 2861
4209 5323
4210 2866
4211 5049
4212 4484
4213 1682
4214 3436
4215 1166
4216 3921
4217 1972
4218 2820
4219 987
4220 2734
4221 2941
4222 2006
4223 573
4224 3251
4225 5904
4226 4105
4227 1018
4228 2817
4229 168
4230 2224
4231 2518
4232 4085
4233 1571
4234 2743
4235 1866
4236 3230
4237 5961
4238 3405
4239 6213
4240 5110
4241 3216
4242 4599
4243 2061
4244 427
4245 2635
4246 3675
4247 3195
4248 1610
4249 2240
4250 2558
4251 1650
4252 2092
4253 2288
4254 3322
4255 4351
4256 1544
4257 3638
4258 3004
4259 3356
4260 3950
4261 1616
4262 1455
4263 3402
4264 3996
4265 2426
4266 1580
4267 2129
4268 1370
4269 3728
4270 2612
4271 4029
4272 1580
4273 1273
4274 1258
4275 1221
4276 1386
4277 1242
4278 4167
4279 1423
4280 3533
4281 1288
4282 1924
4283 3062
4284 2519
4285 2410
4286 2727
4287 2368
4288 2549
4289 4416
4290 4051
4291 2478
4292 1300
4293 2777
4294 2270
4295 4311
4296 3424
4297 2908
4298 4391
4299 2724
4300 1188
4301 1392
4302 2990
4303 2013
4304 1118
4305 1562
4306 981
4307 1227
4308 1807
4309 818
4310 2570
4311 4137
4312 1322
4313 1292
4314 1698
4315 1123
4316 1009
4317 2235
4318 2039
4319 1086
4320 2250
4321 2941
4322 2242
4323 1901
4324 2075
4325 2280
4326 1117
4327 1062
4328 1270
4329 1146
4330 1109
4331 2218
4332 2339
4333 2816
4334 1131
4335 2981
4336 1604
4337 1391
4338 3068
4339 4124
4340 3765
4341 3484
4342 3317
4343 1649
4344 3041
4345 1932
4346 3270
4347 748
4348 1601
4349 2084
4350 3348
4351 2082
4352 2593
4353 1575
4354 2238
4355 3182
4356 3922
4357 2644
4358 2115
4359 425
4360 3840
4361 576
4362 3831
4363 1710
4364 2585
4365 1796
4366 1320
4367 1728
4368 3854
4369 3334
4370 2017
4371 4422
4372 3867
4373 1604
4374 2322
4375 3980
4376 2359
4377 2002
4378 2014
4379 4022
4380 898
4381 2683
4382 2458
4383 1540
4384 2478
4385 1561
4386 2546
4387 2683
4388 2355
4389 1961
4390 2458
4391 1780
4392 2793
4393 4166
4394 2122
4395 2020
4396 2734
4397 2681
4398 1494
4399 1210
4400 2610
4401 2792
4402 2977
4403 2149
4404 2824
4405 4177
4406 857
4407 1574
4408 1510
4409 3291
4410 4569
4411 5366
4412 5160
4413 5641
4414 3797
4415 3777
4416 4501
4417 5127
4418 6670
4419 5783
4420 4475
4421 5592
4422 4395
4423 5761
4424 4579
4425 5436
4426 4253
4427 3754
4428 5211
4429 4614
4430 3679
4431 3734
4432 3234
4433 3971
4434 3200
4435 4998
4436 3242
4437 3994
4438 3619
4439 3973
4440 3550
4441 4053
4442 4212
4443 3481
4444 3935
4445 3657
4446 3682
4447 3378
4448 4478
4449 3449
4450 3587
4451 1429
4452 2002
4453 1673
4454 1861
4455 1354
4456 1858
4457 1785
4458 1495
4459 1536
4460 1931
4461 2263
4462 1519
4463 2107
4464 2512
4465 411
4466 3007
4467 3150
4468 3916
4469 5140
4470 4301
4471 6054
4472 1506
4473 1122
4474 1633
4475 4128
4476 4749
4477 2956
4478 6478
4479 1849
4480 2334
4481 4212
4482 5796
4483 2269
4484 3542
4485 3502
4486 2773
4487 2601
4488 1521
4489 2838
4490 4134
4491 2738
4492 1084
4493 3442
4494 2622
4495 2711
4496 161
4497 2172
4498 5019
4499 2723
4500 4522
4501 5593
4502 4972
4503 1215
4504 1514
4505 1527
4506 5394
4507 1719
4508 1851
4509 3542
4510 3172
4511 1755
4512 4701
4513 4181
4514 3443
4515 5622
4516 3790
4517 4049
4518 4416
4519 4768
4520 4897
4521 4288
4522 4023
4523 2763
4524 1376
4525 3774
4526 3662
4527 2735
4528 4281
4529 3011
4530 4487
4531 2962
4532 4004
4533 1785
4534 4102
4535 1710
4536 3875
4537 2945
4538 1867
4539 1840
4540 2454
4541 3838
4542 3506
4543 5243
4544 3481
4545 2037
4546 4317
4547 4839
4548 4321
4549 3867
4550 3562
4551 1273
4552 5253
4553 1767
4554 3529
4555 1306
4556 1780
4557 3427
4558 2655
4559 2837
4560 1750
4561 2777
4562 1479
4563 2829
4564 2583
4565 4518
4566 3341
4567 3483
4568 3320
4569 2634
4570 4494
4571 4352
4572 2820
4573 4328
4574 1393
4575 4834
4576 1435
4577 2863
4578 3239
4579 4316
4580 2962
4581 2994
4582 3269
4583 1591
4584 3404
4585 3824
4586 2031
4587 3807
4588 2081
4589 1882
4590 3336
4591 1515
4592 1507
4593 1552
4594 1875
4595 1447
4596 3295
4597 4837
4598 3014
4599 1419
4600 1732
4601 1581
4602 1731
4603 3491
4604 1722
4605 1643
4606 2363
4607 2952
4608 2950
4609 2943
4610 2974
4611 4401
4612 2967
4613 3872
4614 4352
4615 3233
4616 5148
4617 3143
4618 2287
4619 3546
4620 3167
4621 2517
4622 2964
4623 3639
4624 1710
4625 4869
4626 3329
4627 3881
4628 4572
4629 4038
4630 3517
4631 3328
4632 1466
4633 1367
4634 1886
4635 1915
4636 2392
4637 2204
4638 1519
4639 1462
4640 1578
4641 1530
4642 1380
4643 1823
4644 2082
4645 1717
4646 1553
4647 1544
4648 2125
4649 1396
4650 1848
4651 1859
4652 1821
4653 2004
4654 2074
4655 2483
4656 2683
4657 1299
4658 1188
4659 2586
4660 2513
4661 1196
4662 3248
4663 3015
4664 4145
4665 2247
4666 3489
4667 2044
4668 2351
4669 1260
4670 1223
4671 2203
4672 1283
4673 2223
4674 2478
4675 1575
4676 3159
4677 1463
4678 1475
4679 1462
4680 2925
4681 1589
4682 1536
4683 1503
4684 2503
4685 2525
4686 2912
4687 2902
4688 1792
4689 2883
4690 1574
4691 1562
4692 1377
4693 1267
4694 1630
4695 1413
4696 1474
4697 1448
4698 1557
4699 3170
4700 2708
4701 2432
4702 3772
4703 1174
4704 1592
4705 4524
4706 2693
4707 2675
4708 1982
4709 6441
4710 2717
4711 5713
4712 4806
4713 5492
4714 2218
4715 3115
4716 3445
4717 2812
4718 3498
4719 1418
4720 6909
4721 7295
4722 3169
4723 3446
4724 3487
4725 4232
4726 1760
4727 2016
4728 1030
4729 3072
4730 2841
4731 1731
4732 1706
4733 3674
4734 1391
4735 3126
4736 3649
4737 4491
4738 1385
4739 2687
4740 2219
4741 3453
4742 2078
4743 3355
4744 4325
4745 7157
4746 1591
4747 1125
4748 1295
4749 2295
4750 2919
4751 2186
4752 3711
4753 2312
4754 4028
4755 377
4756 1527
4757 3639
4758 1913
4759 4794
4760 2257
4761 6647
4762 2111
4763 2006
4764 1454
4765 1400
4766 3551
4767 1203
4768 1624
4769 4344
4770 3776
4771 2474
4772 2801
4773 1471
4774 5001
4775 1496
4776 1585
4777 1552
4778 1520
4779 1420
4780 2299
4781 2698
4782 1325
4783 3827
4784 4907
4785 3648
4786 4258
4787 3985
4788 5439
4789 4481
4790 4719
4791 3118
4792 3460
4793 2831
4794 2940
4795 4480
4796 1408
4797 4760
4798 563
4799 2206
4800 3481
4801 1295
4802 5065
4803 4236
4804 4797
4805 4241
4806 5350
4807 5087
4808 3826
4809 5291
4810 4953
4811 5013
4812 4575
4813 4115
4814 4350
4815 5461
4816 5014
4817 5100
4818 1654
4819 1765
4820 1299
4821 1290
4822 2549
4823 3301
4824 3598
4825 2070
4826 2406
4827 1748
4828 2086
4829 2020
4830 3154
4831 1474
4832 1667
4833 3942
4834 1477
4835 1925
4836 2920
4837 1901
4838 1692
4839 1988
4840 2984
4841 2096
4842 3850
4843 2879
4844 1907
4845 4088
4846 6294
4847 3737
4848 5189
4849 1353
4850 3236
4851 3062
4852 4909
4853 4576
4854 3473
4855 1344
4856 4862
4857 2350
4858 5433
4859 3674
4860 1340
4861 2707
4862 2150
4863 2194
4864 2908
4865 3310
4866 3210
4867 1927
4868 1057
4869 2999
4870 1251
4871 1154
4872 1194
4873 2955
4874 3372
4875 3351
4876 2628
4877 1262
4878 1825
4879 4662
4880 4297
4881 4384
4882 4106
4883 4988
4884 3947
4885 4350
4886 4372
4887 3914
4888 4915
4889 1691
4890 1536
4891 695
4892 2197
4893 1596
4894 658
4895 3641
4896 3236
4897 1242
4898 1091
4899 5244
4900 1973
4901 3038
4902 2799
4903 3125
4904 2621
4905 2711
4906 4339
4907 2668
4908 3256
4909 1209
4910 2578
4911 5286
4912 1400
4913 3952
4914 2064
4915 1100
4916 3040
4917 4177
4918 2245
4919 3934
4920 2577
4921 1167
4922 2525
4923 3815
4924 4087
4925 3724
4926 4081
4927 1699
4928 3375
4929 1456
4930 2607
4931 3937
4932 2456
4933 2725
4934 907
4935 3946
4936 2533
4937 4290
4938 1808
4939 4321
4940 2025
4941 3750
4942 3901
4943 3861
4944 3997
4945 4157
4946 3403
4947 3888
4948 1100
4949 4686
4950 2462
4951 2350
4952 6000
4953 3571
4954 4478
4955 3341
4956 3172
4957 905
4958 993
4959 3948
4960 962
4961 3020
4962 1103
4963 3063
4964 3056
4965 1070
4966 1983
4967 2156
4968 2349
4969 4201
4970 4542
4971 2424
4972 2560
4973 3985
4974 3630
4975 2295
4976 3783
4977 2499
4978 3754
4979 3546
4980 5305
4981 2634
4982 3691
4983 2952
4984 2386
4985 5107
4986 4546
4987 903
4988 2590
4989 2615
4990 2971
4991 2878
4992 2093
4993 1529
4994 2792
4995 2602
4996 3301
4997 2869
4998 4249
4999 2829
5000 1314
5001 1516
5002 3589
5003 1041
5004 3536
5005 3747
5006 2939
5007 4852
5008 5196
5009 1403
5010 2576
5011 2445
5012 4498
5013 3286
5014 5348
5015 1489
5016 2373
5017 3561
5018 2115
5019 4343
5020 3455
5021 3512
5022 5254
5023 3585
5024 3657
5025 3695
5026 4401
5027 4249
5028 2679
5029 4015
5030 2483
5031 2128
5032 2522
5033 2516
5034 2966
5035 3516
5036 3161
5037 1152
5038 5654
5039 3477
5040 3931
5041 2360
5042 1266
5043 2160
5044 4424
5045 1790
5046 2482
5047 1213
5048 3482
5049 3962
5050 2456
5051 2394
5052 2263
5053 3537
5054 4052
5055 2679
5056 2426
5057 1156
5058 2738
5059 6245
5060 6268
5061 4771
5062 5967
5063 5029
5064 6263
5065 5534
5066 4223
5067 5633
5068 4621
5069 3291
5070 2240
5071 2091
5072 2251
5073 2480
5074 1665
5075 1933
5076 1956
5077 1868
5078 2136
5079 2180
5080 2313
5081 2092
5082 2133
5083 2128
5084 1848
5085 1929
5086 5101
5087 3594
5088 4437
5089 3947
5090 1405
5091 3276
5092 3645
5093 6687
5094 2550
5095 3066
5096 5717
5097 2397
5098 3017
5099 3380
5100 3118
5101 3239
5102 4704
5103 3214
5104 3118
5105 5321
5106 3155
5107 3451
5108 3868
5109 4572
5110 3383
5111 5175
5112 6150
5113 3698
5114 5365
5115 4125
5116 6359
5117 5672
5118 5062
5119 5149
5120 2109
5121 3435
5122 4027
5123 2375
5124 3491
5125 3769
5126 2892
5127 4411
5128 2865
5129 3132
5130 2332
5131 3721
5132 3985
5133 4370
5134 4477
5135 4088
5136 4500
5137 3831
5138 3576
5139 4398
5140 2625
5141 3694
5142 3409
5143 3284
5144 4345
5145 2919
5146 3465
5147 3042
5148 2920
5149 5502
5150 1638
5151 4265
5152 3942
5153 1692
5154 4683
5155 1868
5156 6184
5157 1626
5158 1894
5159 2640
5160 3464
5161 3451
5162 5190
5163 3542
5164 5352
5165 5001
5166 2297
5167 2468
5168 3722
5169 1176
5170 3746
5171 3586
5172 1029
5173 2473
5174 1254
5175 3589
5176 2218
5177 1951
5178 2444
5179 3411
5180 3568
5181 2649
5182 2278
5183 1114
5184 2169
5185 3361
5186 1867
5187 2330
5188 1757
5189 1389
5190 3259
5191 3552
5192 1309
5193 1263
5194 2965
5195 2505
5196 3965
5197 2749
5198 2537
5199 1590
5200 2751
5201 1200
5202 2507
5203 1486
5204 3932
5205 1475
5206 1178
5207 1415
5208 4279
5209 2388
5210 2817
5211 1220
5212 1307
5213 2584
5214 2828
5215 2089
5216 2566
5217 1442
5218 3496
5219 3539
5220 4923
5221 3679
5222 4476
5223 3201
5224 5257
5225 5140
5226 3378
5227 3390
5228 3026
5229 4463
5230 3118
5231 3210
5232 4582
5233 5458
5234 4669
5235 3366
5236 4724
5237 3448
5238 3712
5239 5137
5240 2986
5241 2731
5242 3495
5243 2631
5244 2842
5245 1686
5246 2923
5247 1743
5248 1536
5249 1499
5250 3136
5251 1532
5252 3713
5253 5056
5254 6458
5255 1493
5256 1575
5257 3299
5258 2862
5259 3011
5260 3221
5261 1746
5262 1639
5263 2917
5264 2942
5265 1758
5266 1615
5267 1691
5268 1672
5269 1521
5270 3562
5271 2735
5272 3402
5273 1658
5274 1543
5275 4427
5276 1938
5277 1488
5278 2074
5279 1696
5280 4068
5281 4753
5282 4246
5283 6000
5284 5183
5285 7845
5286 5432
5287 2363
5288 5450
5289 4595
5290 4550
5291 5861
5292 3862
5293 4263
5294 3339
5295 3791
5296 4126
5297 4003
5298 3773
5299 4056
5300 3009
5301 5137
5302 4227
5303 4291
5304 3992
5305 3571
5306 3001
5307 5414
5308 2570
5309 3882
5310 4951
5311 4970
5312 3896
5313 4263
5314 3577
5315 3839
5316 3307
5317 4565
5318 3966
5319 3972
5320 4313
5321 2049
5322 5441
5323 7434
5324 3685
5325 3595
5326 4186
5327 3013
5328 4170
5329 3502
5330 4452
5331 3492
5332 2959
5333 1553
5334 1431
5335 1497
5336 3890
5337 3958
5338 1996
5339 2663
5340 1378
5341 1499
5342 3185
5343 1586
5344 1440
5345 1740
5346 1514
5347 4447
5348 1483
5349 1863
5350 1430
5351 2581
5352 2520
5353 2994
5354 1283
5355 1713
5356 4185
5357 4595
5358 2698
5359 5817
5360 3448
5361 5448
5362 5360
5363 4709
5364 4827
5365 2926
5366 4958
5367 5624
5368 4863
5369 4930
5370 2559
5371 185
5372 3016
5373 1735
5374 2208
5375 4563
5376 1579
5377 1189
5378 1925
5379 1519
5380 1803
5381 697
5382 2414
5383 776
5384 1256
5385 748
5386 1331
5387 1316
5388 2617
5389 1703
5390 3010
5391 1375
5392 1025
5393 2448
5394 1176
5395 1091
5396 2807
5397 2569
5398 2116
5399 3576
5400 2361
5401 1463
5402 2159
5403 4179
5404 2407
5405 3571
5406 6105
5407 5062
5408 3304
5409 3236
5410 3296
5411 4193
5412 3621
5413 3439
5414 3559
5415 4926
5416 3625
5417 4240
5418 3594
5419 5456
5420 3688
5421 2129
5422 3655
5423 3510
5424 3270
5425 3697
5426 1889
5427 5115
5428 2315
5429 1978
5430 5743
5431 2120
5432 1473
5433 4436
5434 4405
5435 3276
5436 1866
5437 4210
5438 4370
5439 4356
5440 6683
5441 2751
5442 5157
5443 5838
5444 3123
5445 3936
5446 5042
5447 6942
5448 4301
5449 3338
5450 3553
5451 4362
5452 4230
5453 3942
5454 4642
5455 4808
5456 4283
5457 4337
5458 4176
5459 4500
5460 3935
5461 3925
5462 4252
5463 5000
5464 3761
5465 2147
5466 3898
5467 800
5468 2962
5469 3349
5470 1494
5471 4084
5472 6388
5473 4385
5474 3441
5475 3490
5476 4613
5477 1303
5478 3952
5479 6212
5480 5435
5481 255
5482 4766
5483 1431
5484 1283
5485 2767
5486 1751
5487 1188
5488 2124
5489 1640
5490 587
5491 2805
5492 1063
5493 1980
5494 2893
5495 1366
5496 2443
5497 2024
5498 1725
5499 2488
5500 1567
5501 2005
5502 1938
5503 2274
5504 2328
5505 2166
5506 1082
5507 2699
5508 3936
5509 558
5510 1981
5511 3010
5512 2515
5513 2292
5514 3416
5515 809
5516 3216
5517 1933
5518 3255
5519 5999
5520 7532
5521 4838
5522 4722
5523 6112
5524 5390
5525 6519
5526 5911
5527 6227
5528 2768
5529 3512
5530 5579
5531 3553
5532 2029
5533 4403
5534 2184
5535 2839
5536 2522
5537 2880
5538 2577
5539 2699
5540 2642
5541 2686
5542 2670
5543 2699
5544 2382
5545 2520
5546 2640
5547 3570
5548 3679
5549 3342
5550 5931
5551 4113
5552 4725
5553 3915
5554 3552
5555 3000
5556 3310
5557 1626
5558 3894
5559 3317
5560 4519
5561 4470
5562 3393
5563 2767
5564 1828
5565 3709
5566 1711
5567 6880
5568 3562
5569 3328
5570 1719
5571 4305
5572 4458
5573 4028
5574 3556
5575 3552
5576 5072
5577 3639
5578 1723
5579 1795
5580 2597
5581 2807
5582 2663
5583 2519
5584 2516
5585 3178
5586 2901
5587 4227
5588 3215
5589 2980
5590 2886
5591 2764
5592 2383
5593 2751
5594 4642
5595 2859
5596 3050
5597 2391
5598 2571
5599 2809
5600 3316
5601 6788
5602 4604
5603 8100
5604 6413
5605 8786
5606 9568
5607 9858
5608 13648
5609 8141
5610 7876
5611 10265
5612 9033
5613 8598
5614 9007
5615 10789
5616 10180
5617 10784
5618 10455
5619 10956
5620 8684
5621 8135
5622 10348
5623 10343
5624 11848
5625 12205
5626 10877
5627 6944
5628 13591
5629 10527
5630 9922
5631 8483
5632 8299
5633 8093
5634 10707
5635 6600
5636 6265
5637 5943
5638 6704
5639 7114
5640 6787
5641 6523
5642 6581
5643 6297
5644 8242
5645 4839
5646 6599
5647 7066
5648 7633
5649 7176
5650 6615
5651 6422
5652 5459
5653 2719
5654 3346
5655 5818
5656 6130
5657 6667
5658 6464
5659 6026
5660 7467
5661 5469
5662 7303
5663 6110
5664 6569
5665 6265
5666 6299
5667 6674
5668 9239
5669 7032
5670 7460
5671 6346
5672 6825
5673 9467
5674 7101
5675 7914
5676 7156
5677 8204
5678 6393
5679 8768
5680 7446
5681 8495
5682 9310
5683 7397
5684 6816
5685 8966
5686 6624
5687 7081
5688 8367
5689 6920
5690 7887
5691 5852
5692 7132
5693 4918
5694 4913
5695 6298
5696 9168
5697 6928
5698 6288
5699 4347
5700 5762
5701 5806
5702 5946
5703 6249
5704 7256
5705 8298
5706 5953
5707 6163
5708 5717
5709 5906
5710 6177
5711 7139
5712 10535
5713 6057
5714 7690
5715 9320
5716 7007
5717 6110
5718 6383
5719 8286
5720 6147
5721 6430
5722 7068
5723 8323
5724 5536
5725 8704
5726 5937
5727 5519
5728 6168
5729 5867
5730 8107
5731 5754
5732 7309
5733 5868
5734 6754
5735 7645
5736 7396
5737 5281
5738 9969
5739 5936
5740 5412
5741 6603
5742 5911
5743 8166
5744 8844
5745 8492
5746 8988
5747 6386
5748 8092
5749 6712
5750 6617
5751 7336
5752 6015
5753 1626
5754 4431
5755 5992
5756 7048
5757 3216
5758 1515
5759 3647
5760 4283
5761 3894
5762 3330
5763 3543
5764 4362
5765 3450
5766 3677
5767 3832
5768 3663
5769 3144
5770 3061
5771 3110
5772 8751
5773 9479
5774 5898
5775 6277
5776 6047
5777 6804
5778 3251
5779 9107
5780 5384
5781 5536
5782 4846
5783 9560
5784 3284
5785 8099
5786 1809
5787 9031
5788 3434
5789 3659
5790 75
5791 1022
5792 5804
5793 9237
5794 2612
5795 1442
5796 561
5797 2854
5798 5719
5799 4930
5800 5447
5801 3450
5802 2835
5803 1603
5804 1736
5805 1463
5806 1595
5807 1686
5808 3255
5809 2065
5810 3490
5811 2710
5812 1893
5813 1787
5814 4680
5815 1968
5816 2323
5817 4618
5818 2058
5819 3224
5820 3042
5821 4439
5822 2414
5823 2862
5824 903
5825 3051
5826 2940
5827 1425
5828 3423
5829 8109
5830 7320
5831 8705
5832 7977
5833 10059
5834 10361
5835 10172
5836 9665
5837 9437
5838 8280
5839 7172
5840 7174
5841 8591
5842 8256
5843 7503
5844 11427
5845 8556
5846 8382
5847 7838
5848 7270
5849 6501
5850 6254
5851 6901
5852 6535
5853 6436
5854 7524
5855 7532
5856 5828
5857 2263
5858 1845
5859 5389
5860 1466
5861 1148
5862 1306
5863 1614
5864 2902
5865 4040
5866 2094
5867 3134
5868 1651
5869 2097
5870 1419
5871 1051
5872 6254
5873 1417
5874 770
5875 2175
5876 2046
5877 3025
5878 3852
5879 1547
5880 2895
5881 4292
5882 1647
5883 2097
5884 1433
5885 2502
5886 2476
5887 1606
5888 2511
5889 3399
5890 3801
5891 2722
5892 1671
5893 1448
5894 1432
5895 3475
5896 5580
5897 566
5898 1589
5899 1263
5900 2962
5901 3901
5902 1934
5903 1343
5904 1791
5905 6604
5906 6539
5907 6566
5908 6534
5909 7030
5910 5897
5911 8450
5912 5443
5913 5694
5914 5704
5915 15462
5916 9201
5917 8827
5918 11562
5919 10236
5920 11219
5921 7118
5922 10253
5923 9984
5924 10949
5925 6131
5926 8763
5927 6612
5928 9676
5929 13372
5930 13395
5931 10085
5932 11067
5933 10598
5934 14557
5935 12300
5936 11561
5937 10204
5938 8878
5939 9323
5940 5152
5941 11881
5942 10065
5943 9905
5944 8940
5945 9017
5946 8773
5947 6069
5948 6817
5949 6502
5950 10170
5951 6274
5952 5934
5953 5890
5954 7981
5955 7496
5956 7867
5957 8939
5958 9941
5959 9179
5960 7483
5961 7912
5962 8944
5963 7746
5964 8373
5965 7725
5966 7964
5967 7980
5968 7427
5969 7629
5970 7180
5971 8093
5972 8336
5973 7612
5974 7276
5975 7280
5976 7227
5977 6758
5978 6576
5979 6440
5980 7176
5981 6721
5982 6871
5983 6579
5984 7267
5985 6353
5986 7251
5987 8005
5988 7083
5989 6375
5990 6108
5991 7972
5992 7830
5993 6380
5994 6289
5995 5603
5996 5954
5997 6714
5998 6076
5999 6808
6000 7909
6001 11588
6002 11034
6003 11703
6004 17533
6005 9831
6006 11168
6007 10030
6008 11529
6009 9183
6010 9753
6011 9381
6012 7122
6013 8163
6014 8487
6015 8180
6016 8757
6017 7699
6018 8221
6019 7955
6020 7297
6021 7088
6022 7298
6023 7484
6024 7595
6025 7603
6026 9561
6027 7305
6028 7904
6029 8340
6030 8696
6031 9835
6032 7354
6033 8593
6034 8090
6035 7277
6036 6393
6037 7603
6038 7629
6039 7243
6040 8540
6041 8265
6042 7610
6043 8019
6044 8098
6045 9314
6046 8008
6047 7078
6048 7249
6049 8236
6050 8407
6051 7385
6052 10066
6053 9606
6054 10955
6055 8192
6056 7622
6057 8059
6058 7869
6059 8823
6060 7556
6061 6996
6062 6390
6063 8084
6064 6811
6065 7157
6066 8300
6067 6749
6068 8071
6069 7099
6070 7374
6071 7973
6072 7062
6073 7195
6074 6965
6075 7375
6076 8075
6077 8719
6078 8091
6079 8864
6080 9982
6081 9802
6082 8380
6083 8521
6084 7921
6085 9472
6086 8194
6087 11712
6088 7093
6089 6512
6090 10578
6091 7266
6092 9933
6093 6809
6094 8194
6095 7425
6096 9820
6097 9070
6098 7829
6099 7847
6100 7211
6101 12750
6102 14364
6103 5731
6104 4884
6105 9078
6106 6774
6107 12316
6108 11040
6109 13677
6110 6762
6111 16540
6112 13745
6113 12365
6114 10656
6115 7070
6116 10159
6117 14529
6118 8251
6119 9574
6120 13864
6121 4543
6122 7461
6123 10945
6124 12179
6125 17165
6126 6478
6127 19050
6128 11016
6129 4586
6130 12913
6131 4499
6132 3710
6133 4906
6134 8015
6135 5344
6136 15241
6137 11402
6138 3588
6139 10064
6140 11379
6141 17431
6142 7010
6143 5381
6144 9508
6145 10720
6146 9446
6147 9028
6148 14799
6149 11735
6150 10464
6151 7448
6152 6876
6153 6925
6154 5596
6155 6747
6156 8638
6157 7254
6158 6790
6159 7647
6160 6619
6161 7440
6162 6395
6163 7088
6164 6109
6165 6667
6166 6528
6167 7405
6168 7595
6169 6522
6170 6871
6171 6330
6172 6149
6173 6898
6174 5484
6175 6839
6176 15045
6177 5885
6178 18250
6179 13688
6180 9812
6181 15070
6182 15687
6183 8735
6184 9579
6185 4958
6186 11016
6187 12635
6188 10434
6189 14329
6190 4923
6191 6955
6192 14735
6193 12280
6194 6102
6195 8042
6196 7352
6197 17123
6198 5782
6199 14336
6200 7093
6201 8452
6202 16709
6203 5973
6204 7185
6205 6403
6206 7079
6207 8428
6208 6236
6209 7162
6210 6521
6211 6758
6212 6628
6213 6963
6214 7455
6215 7143
6216 6432
6217 10816
6218 8437
6219 6800
6220 9954
6221 9055
6222 12247
6223 2484
6224 6529
6225 9196
6226 16074
6227 7850
6228 10005
6229 13976
6230 7569
6231 10193
6232 7036
6233 6098
6234 6047
6235 6989
6236 9007
6237 13858
6238 9047
6239 6936
6240 6476
6241 7107
6242 7522
6243 6739
6244 8209
6245 8315
6246 7550
6247 10037
6248 8453
6249 6830
6250 7299
6251 7231
6252 7899
6253 6808
6254 8060
6255 7269
6256 7953
6257 8994
6258 8173
6259 7613
6260 7674
6261 8509
6262 6912
6263 7773
6264 7745
6265 7547
6266 7826
6267 8842
6268 7092
6269 7620
6270 7564
6271 7654
6272 7646
6273 9479
6274 10736
6275 10779
6276 8952
6277 8808
6278 9202
6279 8185
6280 8572
6281 8805
6282 8399
6283 9400
6284 9750
6285 8388
6286 9241
6287 8307
6288 8256
6289 8736
6290 9659
6291 10258
6292 10288
6293 8925
6294 8293
6295 6439
6296 6781
6297 6801
6298 6295
6299 6354
6300 7254
6301 8902
6302 6705
6303 7528
6304 7320
6305 7397
6306 6698
6307 7699
6308 12855
6309 10511
6310 10313
6311 12485
6312 20028
6313 16377
6314 10479
6315 15100
6316 12555
6317 10586
6318 9323
6319 14839
6320 15094
6321 12576
6322 8691
6323 13472
6324 14279
6325 9648
6326 12641
6327 12367
6328 11479
6329 13047
6330 12913
6331 10868
6332 11171
6333 11282
6334 10454
6335 10727
6336 3400
6337 6161
6338 8198
6339 8521
6340 8361
6341 11490
6342 5496
6343 6127
6344 5953
6345 6684
6346 9278
6347 7331
6348 5769
6349 5144
6350 5001
6351 919
6352 5410
6353 8440
6354 7077
6355 5280
6356 7036
6357 5961
6358 8266
6359 8802
6360 6880
6361 10955
6362 5987
6363 6029
6364 5903
6365 7572
6366 6815
6367 5716
6368 6925
6369 5415
6370 6105
6371 5333
6372 5910
6373 4476
6374 4781
6375 7235
6376 5195
6377 6063
6378 6297
6379 5758
6380 5649
6381 5377
6382 6020
6383 4873
6384 5854
6385 5512
6386 5207
6387 4727
6388 4749
6389 5487
6390 5149
6391 4747
6392 5756
6393 5010
6394 5140
6395 5677
6396 4854
6397 4437
6398 4749
6399 5246
6400 6820
6401 7016
6402 9279
6403 8206
6404 7427
6405 9463
6406 7815
6407 9236
6408 11918
6409 8968
6410 8795
6411 8936
6412 8696
6413 9064
6414 7659
6415 5620
6416 8553
6417 8081
6418 7232
6419 7254
6420 7219
6421 6052
6422 9263
6423 10380
6424 6405
6425 3090
6426 8060
6427 8725
6428 8357
6429 5854
6430 8570
6431 9285
6432 6444
6433 7831
6434 5070
6435 7994
6436 5066
6437 6451
6438 6568
6439 6523
6440 4986
6441 5660
6442 6354
6443 4961
6444 7078
6445 6256
6446 6612
6447 6769
6448 6421
6449 7822
6450 8209
6451 5536
6452 6420
6453 4714
6454 5267
6455 4872
6456 5832
6457 4849
6458 5109
6459 4828
6460 5900
6461 5130
6462 6019
6463 454
6465 27
6469 8731
6474 19
6478 814
6481 1
6484 342
6489 7664
6490 6659
6491 7343
6492 6572
6493 6112
6494 7561
6495 8600
6496 7211
6497 7041
6498 6895
6499 6757
6500 6432
6501 7013
6502 10420
6503 7164
6504 9040
6505 9516
6506 6065
6507 6766
6508 7641
6509 7666
6510 8242
6511 8340
6512 12503
6513 10570
6514 10502
6515 6844
6516 10579
6517 7151
6518 9145
6519 11103
6520 8590
6521 10380
6522 8925
6523 8178
6524 7994
6525 7979
6526 9521
6527 11641
6528 6899
6529 9953
6530 5105
6531 7927
6532 7162
6533 6451
6534 7056
6535 6310
6536 10964
6537 6861
6538 7963
6539 8017
6540 5730
6541 10487
6542 7779
6543 12417
6544 11423
6545 10721
6546 2945
6547 8765
6548 7886
6549 4209
6550 3702
6551 6799
6552 7245
6553 7130
6554 12135
6555 6319
6556 6983
6557 6266
6558 9427
6559 11740
6560 11689
6561 10803
6562 9468
6563 9202
6564 8216
6565 10274
6566 8915
6567 8703
6568 12257
6569 10533
6570 11259
6571 8592
6572 10999
6573 8761
6574 8298
6575 9882
6576 8564
6577 10603
6578 9921
6579 6425
6580 11767
6581 8103
6582 8296
6583 7530
6584 8481
6585 6581
6586 8747
6587 5213
6588 8794
6589 3848
6590 5750
6591 8968
6592 5788
6593 7163
6594 8523
6595 7478
6596 8312
6597 10102
6598 6972
6599 9202
6600 9252
6601 8600
6602 11597
6603 8899
6604 8287
6605 9118
6606 7940
6607 8042
6608 9147
6609 7400
6610 7842
6611 7337
6612 7498
6613 8772
6614 5275
6615 7825
6616 7371
6617 6746
6618 7108
6619 7121
6620 8896
6621 10424
6622 10423
6623 10036
6624 14920
6625 16188
6626 17399
6627 10743
6628 9633
6629 11076
6630 12169
6631 12141
6632 8676
6633 9556
6634 13270
6635 10283
6636 10007
6637 16198
6638 15497
6639 9025
6640 10723
6641 8711
6642 10576
6643 14906
6644 13568
6645 7020
6646 9018
6647 9540
6648 8192
6649 8870
6650 6513
6651 7387
6652 6863
6653 6447
6654 6430
6655 12430
6656 18156
6657 16081
6658 12910
6659 12595
6660 11758
6661 13525
6662 11881
6663 13432
6664 13095
6665 12655
6666 12520
6667 12053
6668 12916
6669 14382
6670 13929
6671 13012
6672 13612
6673 9766
6674 9691
6675 9273
6676 8369
6677 9156
6678 9927
6679 9968
6680 8648
6681 8231
6682 9362
6683 9242
6684 9277
6685 9379
6686 11080
6687 8363
6688 9918
6689 9202
6690 9831
6691 8373
6692 9997
6693 8451
6694 5093
6695 6118
6696 5169
6697 5555
6698 4975
6699 6178
6700 5262
6701 5244
6702 5810
6703 6414
6704 4118
6705 5595
6706 6235
6707 7806
6708 9653
6709 8333
6710 6395
6711 6218
6712 6530
6713 9653
6714 7549
6715 3454
6716 11382
6717 6562
6718 6887
6719 7594
6720 6613
6721 7403
6722 7422
6723 5287
6724 6703
6725 8268
6726 7564
6727 6473
6728 7159
6729 4337
6730 7539
6731 8135
6732 12661
6733 3941
6734 12874
6735 9021
6736 12350
6737 6447
6738 9473
6739 4835
6740 9503
6741 4626
6742 10700
6743 8908
6744 9737
6745 7366
6746 11353
6747 7694
6748 12761
6749 9435
6750 14023
6751 10126
6752 10144
6753 11795
6754 12716
6755 10731
6756 10280
6757 11301
6758 11248
6759 11401
6760 11643
6761 12874
6762 10843
6763 9909
6764 12703
6765 10058
6766 9966
6767 12438
6768 14603
6769 12277
6770 16216
6771 11930
6772 13826
6773 12433
6774 11612
6775 19423
6776 12455
6777 12297
6778 17882
6779 13709
6780 15395
6781 9496
6782 8884
6783 8717
6784 8983
6785 6701
6786 6862
6787 10549
6788 8086
6789 11202
6790 8640
6791 8482
6792 8822
6793 8283
6794 6829
6795 8544
6796 9427
6797 9957
6798 9333
6799 9276
6800 8821
6801 3549
6802 6187
6803 3980
6804 3282
6805 4802
6806 3250
6807 4506
6808 2271
6809 3858
6810 3406
6811 4261
6812 4155
6813 3737
6814 5292
6815 4890
6816 5692
6817 6200
6818 4887
6819 5548
6820 6282
6821 5114
6822 5330
6823 5685
6824 5642
6825 5271
6826 5306
6827 4637
6828 4976
6829 5379
6830 5371
6831 4599
6832 6636
6833 3044
6834 4042
6835 9588
6836 4950
6837 7563
6838 7125
6839 8412
6840 6894
6841 6093
6842 6708
6843 6765
6844 7153
6845 6910
6846 8359
6847 7491
6848 5586
6849 6793
6850 8124
6851 7138
6852 7226
6853 3289
6854 11642
6855 6468
6856 10002
6857 6595
6858 7146
6859 5729
6860 9967
6861 1636
6862 6973
6863 3227
6864 10378
6865 9307
6866 6286
6867 5592
6868 4789
6869 5391
6870 5644
6871 5796
6872 7934
6873 6030
6874 6182
6875 8586
6876 9733
6877 5461
6878 6695
6879 4460
6880 9387
6881 5305
6882 6256
6883 4832
6884 8298
6885 4288
6886 7177
6887 6867
6888 7258
6889 8352
6890 5902
6891 2875
6892 7634
6893 7706
6894 5832
6895 7277
6896 6400
6897 8046
6898 7047
6899 7065
6900 7065
6901 5828
6902 7978
6903 6109
6904 6788
6905 6138
6906 9281
6907 5915
6908 6335
6909 7846
6910 7958
6911 6184
6912 7246
6913 7039
6914 6851
6915 7358
6916 6732
6917 7871
6918 5808
6919 5857
6920 8378
6921 9482
6922 8805
6923 6455
6924 7517
6925 6928
6926 4466
6927 6931
6928 7579
6929 6022
6930 6181
6931 5900
6932 6643
6933 9173
6934 9138
6935 8343
6936 5677
6937 6035
6938 7469
6939 7673
6940 6193
6941 6272
6942 7981
6943 8455
6944 8249
6945 6688
6946 9866
6947 8757
6948 6380
6949 8323
6950 6854
6951 7710
6952 8053
6953 3153
6954 4249
6955 5192
6956 4634
6957 3637
6958 8952
6959 7391
6960 7583
6961 4583
6962 3993
6963 6273
6964 10264
6965 6791
6966 3207
6967 6185
6968 4316
6969 8515
6970 6793
6971 8147
6972 7268
6973 5267
6974 5161
6975 4503
6976 6633
6977 8855
6978 6917
6979 8615
6980 8707
6981 5756
6982 8370
6983 8043
6984 7654
6985 7402
6986 5375
6987 8372
6988 7696
6989 7730
6990 5713
6991 6840
6992 10535
6993 5846
6994 4841
6995 8809
6996 7500
6997 5719
6998 6009
6999 6746
7000 9190
7001 5645
7002 8849
7003 8732
7004 7473
7005 7645
7006 7917
7007 2113
7008 6488
7009 6913
7010 8483
7011 7334
7012 9753
7013 7449
7014 7240
7015 8470
7016 2857
7017 7877
7018 4631
7019 5645
7020 8299
7021 8490
7022 6408
7023 8878
7024 8213
7025 5322
7026 6423
7027 5409
7028 5213
7029 7278
7030 8851
7031 5418
7032 6929
7033 6879
7034 5980
7035 7014
7036 4546
7037 5837
7038 7301
7039 5851
7040 7534
7041 5957
7042 7007
7043 7652
7044 5444
7045 8421
7046 5822
7047 5270
7048 5516
7049 5546
7050 7400
7051 5994
7052 5319
7053 4887
7054 5438
7055 9197
7056 4773
7057 5988
7058 5888
7059 8114
7060 9150
7061 5398
7062 5640
7063 7309
7064 8205
7065 7680
7066 5478
7067 5390
7068 5126
7069 6976
7070 7931
7071 5589
7072 5752
7073 4999
7074 3379
7075 7634
7076 5770
7077 6169
7078 7716
7079 11243
7080 6822
7081 6637
7082 5835
7083 4746
7084 4710
7085 8536
7086 6180
7087 5072
7088 5592
7089 7477
7090 8428
7091 11516
7092 5103
7093 6542
7094 6994
7095 7925
7096 4214
7097 5135
7098 7484
7099 6614
7100 8729
7101 6193
7102 4970
7103 6340
7104 4381
7105 8620
7106 6359
7107 4884
7108 5211
7109 4763
7110 5660
7111 5532
7112 4054
7113 8139
7114 8667
7115 7012
7116 6327
7117 6439
7118 4056
7119 4312
7120 6970
7121 4274
7122 5099
7123 3859
7124 4709
7125 4374
7126 4920
7127 5713
7128 4019
7129 3111
7130 10428
7131 2569
7132 9101
7133 9013
7134 3726
7135 5056
7136 4521
7137 7233
7138 3208
7139 6772
7140 5711
7141 3211
7142 5455
7143 5951
7144 4886
7145 4945
7146 6322
7147 6140
7148 4525
7149 6319
7150 3321
7151 4303
7152 5055
7153 4622
7154 9402
7155 10443
7156 9621
7157 8454
7158 8439
7159 10115
7160 8861
7161 10274
7162 9481
7163 10147
7164 10569
7165 9878
7166 5513
7167 5603
7168 4540
7169 5011
7170 5960
7171 3724
7172 4380
7173 3615
7174 4440
7175 5495
7176 5844
7177 5653
7178 3965
7179 8069
7180 6199
7181 7700
7182 9329
7183 5210
7184 6430
7185 6449
7186 4835
7187 6118
7188 5240
7189 8370
7190 10300
7191 8553
7192 10388
7193 5316
7194 9274
7195 10133
7196 8256
7197 9486
7198 8605
7199 6556
7200 7429
7201 3130
7202 4999
7203 5377
7204 8236
7205 6800
7206 5754
7207 5424
7208 4401
7209 4692
7210 4423
7211 3621
7212 7813
7213 6138
7214 4528
7215 3052
7216 4508
7217 3137
7218 7742
7219 4535
7220 2630
7221 2455
7222 3114
7223 1763
7224 3315
7225 1282
7226 1522
7227 1291
7228 2620
7229 1369
7230 2077
7231 1440
7232 1099
7233 1568
7234 918
7235 727
7236 1393
7237 1433
7238 2678
7239 1225
7240 2383
7241 2668
7242 1401
7243 3839
7244 2363
7245 2398
7246 2912
7247 2351
7248 4594
7249 3790
7250 3211
7251 3376
7252 1035
7253 1032
7254 1279
7255 1071
7256 1647
7257 1899
7258 1159
7259 1438
7260 1302
7261 1964
7262 2671
7263 1763
7264 2676
7265 1009
7266 1580
7267 1178
7268 2041
7269 2943
7270 3076
7271 1771
7272 1272
7273 1547
7274 1178
7275 1531
7276 1114
7277 1717
7278 1775
7279 1292
7280 1868
7281 1367
7282 1256
7283 2883
7284 1189
7285 1396
7286 1343
7287 1943
7288 1332
7289 2121
7290 1536
7291 1380
7292 1518
7293 1418
7294 3021
7295 1891
7296 1962
7297 1717
7298 1452
7299 1266
7300 1673
7301 2163
7302 1238
7303 1554
7304 2742
7305 1746
7306 2679
7307 2074
7308 1436
7309 1866
7310 1428
7311 980
7312 1750
7313 1245
7314 877
7315 836
7316 1511
7317 1696
7318 1937
7319 1968
7320 1867
7321 1160
7322 1680
7323 572
7324 964
7325 1513
7326 1265
7327 2914
7328 1219
7329 1483
7330 2296
7331 1813
7332 1990
7333 1628
7334 1057
7335 1221
7336 1065
7337 1197
7338 1379
7339 1051
7340 1523
7341 1134
7342 2028
7343 1687
7344 1570
7345 1658
7346 1164
7347 1732
7348 1770
7349 879
7350 1121
7351 791
7352 2029
7353 1763
7354 1090
7355 1735
7356 1158
7357 1160
7358 1042
7359 1401
7360 1499
7361 1073
7362 946
7363 1563
7364 1291
7365 1297
7366 2055
7367 1908
7368 1979
7369 1423
7370 2050
7371 1832
7372 3227
7373 1478
7374 1483
7375 1222
7376 1269
7377 1247
7378 917
7379 1517
7380 1000
7381 1155
7382 1265
7383 883
7384 1318
7385 1131
7386 796
7387 1397
7388 1898
7389 1194
7390 712
7391 1422
7392 2103
7393 850
7394 739
7395 1110
7396 1178
7397 1353
7398 1227
7399 1988
7400 629
7401 1228
7402 1008
7403 1185
7404 1728
7405 1751
7406 680
7407 2062
7408 1332
7409 1326
7410 1345
7411 1221
7412 1452
7413 1240
7414 700
7415 1459
7416 992
7417 1112
7418 928
7419 937
7420 999
7421 1344
7422 1211
7423 1640
7424 1529
7425 728
7426 596
7427 1308
7428 1071
7429 2311
7430 1371
7431 1681
7432 1082
7433 1047
7434 1647
7435 1305
7436 1573
7437 1347
7438 787
7439 1546
7440 1698
7441 1244
7442 1003
7443 845
7444 966
7445 1369
7446 948
7447 1082
7448 1351
7449 1054
7450 1338
7451 1412
7452 1802
7453 1425
7454 1271
7455 1657
7456 1115
7457 1151
7458 1678
7459 1040
7460 2181
7461 1523
7462 1380
7463 1287
7464 1423
7465 1470
7466 1621
7467 1236
7468 1063
7469 1376
7470 1803
7471 830
7472 1391
7473 1139
7474 1331
7475 948
7476 2931
7477 2620
7478 1418
7479 1017
7480 2234
7481 3180
7482 2741
7483 2454
7484 729
7485 4138
7486 994
7487 5224
7488 957
7489 1382
7490 1282
7491 1777
7492 1267
7493 2352
7494 1165
7495 1146
7496 724
7497 965
7498 1853
7499 865
7500 1860
7501 1066
7502 1308
7503 1724
7504 1075
7505 1330
7506 894
7507 1194
7508 1770
7509 1458
7510 1727
7511 1253
7512 1708
7513 1492
7514 1410
7515 1609
7516 1483
7517 1368
7518 502
7519 1643
7520 920
7521 1503
7522 1806
7523 1402
7524 4236
7525 2896
7526 3193
7527 2381
7528 3267
7529 1682
7530 1160
7531 2044
7532 2344
7533 4379
7534 1678
7535 821
7536 936
7537 918
7538 2381
7539 795
7540 999
7541 1109
7542 871
7543 751
7544 1453
7545 1117
7546 1049
7547 1400
7548 969
7549 1211
7550 1128
7551 809
7552 756
7553 1254
7554 1065
7555 860
7556 1538
7557 866
7558 1135
7559 610
7560 1237
7561 1359
7562 1759
7563 3303
7564 1306
7565 826
7566 947
7567 1405
7568 1600
7569 1058
7570 4416
7571 2923
7572 2544
7573 5119
7574 5642
7575 3266
7576 4091
7577 4246
7578 4520
7579 5131
7580 4112
7581 698
7582 880
7583 875
7584 1757
7585 1390
7586 1450
7587 1200
7588 1810
7589 2253
7590 5076
7591 2628
7592 3778
7593 4421
7594 9449
7595 3246
7596 1210
7597 10375
7598 2227
7599 1891
7600 4345
7601 2885
7602 1469
7603 2177
7604 3880
7605 1597
7606 4049
7607 2067
7608 2247
7609 10462
7610 2159
7611 2346
7612 4881
7613 4634
7614 4643
7615 8749
7616 3259
7617 1232
7618 2943
7619 2592
7620 2566
7621 2820
7622 3264
7623 2186
7624 1666
7625 2407
7626 2468
7627 3151
7628 4407
7629 1843
7630 4125
7631 6853
7632 5141
7633 1995
7634 1737
7635 1351
7636 3613
7637 3046
7638 2976
7639 4132
7640 3434
7641 1209
7642 4853
7643 1734
7644 2412
7645 2985
7646 2597
7647 3586
7648 2674
7649 1387
7650 4085
7651 2470
7652 3040
7653 7716
7654 5369
7655 3785
7656 3173
7657 4071
7658 1225
7659 4777
7660 2217
7661 2803
7662 1597
7663 1522
7664 2060
7665 4680
7666 1585
7667 1252
7668 3195
7669 2656
7670 1981
7671 1150
7672 3779
7673 1831
7674 6380
7675 1484
7676 1596
7677 2214
7678 4846
7679 1252
7680 4146
7681 2315
7682 914
7683 814
7684 1855
7685 3717
7686 2926
7687 2280
7688 5177
7689 2519
7690 1298
7691 1261
7692 1571
7693 1248
7694 943
7695 929
7696 1490
7697 890
7698 1549
7699 1283
7700 1451
7701 1251
7702 1045
7703 1076
7704 1575
7705 1965
7706 1123
7707 1016
7708 1448
7709 1925
7710 1574
7711 1896
7712 1902
7713 1201
7714 1398
7715 5445
7716 5375
7717 4630
7718 5039
7719 4833
7720 5392
7721 3621
7722 2730
7723 7629
7724 1858
7725 4810
7726 3492
7727 5103
7728 5801
7729 6021
7730 5102
7731 2976
7732 999
7733 2465
7734 3104
7735 3825
7736 2315
7737 2022
7738 1381
7739 1445
7740 1585
7741 3768
7742 1363
7743 2572
7744 1868
7745 2406
7746 3149
7747 2397
7748 3467
7749 4042
7750 8435
7751 1996
7752 2653
7753 5849
7754 9623
7755 1539
7756 3090
7757 2963
7758 5678
7759 1300
7760 2981
7761 2660
7762 3103
7763 2137
7764 3911
7765 1147
7766 1351
7767 1156
7768 940
7769 3068
7770 3434
7771 4155
7772 874
7773 1133
7774 1049
7775 2433
7776 3630
7777 1420
7778 4589
7779 2126
7780 2219
7781 2411
7782 507
7783 3564
7784 3872
7785 1361
7786 2423
7787 3461
7788 1137
7789 1159
7790 1362
7791 1140
7792 1585
7793 1478
7794 1004
7795 1270
7796 1754
7797 2083
7798 2063
7799 1944
7800 3136
7801 985
7802 7615
7803 2313
7804 2996
7805 1948
7806 884
7807 10481
7808 8001
7809 4047
7810 2653
7811 4120
7812 3662
7813 1774
7814 3258
7815 1679
7816 2678
7817 7028
7818 1835
7819 3987
7820 1310
7821 3173
7822 8000
7823 3707
7824 4820
7825 2004
7826 721
7827 8175
7828 6349
7829 1700
7830 3484
7831 1396
7832 2054
7833 6624
7834 1670
7835 1507
7836 2500
7837 1524
7838 9564
7839 4121
7840 4912
7841 3380
7842 4691
7843 2524
7844 7364
7845 1504
7846 1560
7847 1515
7848 3598
7849 9786
7850 1374
7851 2056
7852 870
7853 1716
7854 7030
7855 1294
7856 3317
7857 2019
7858 2693
7859 9269
7860 2047
7861 1350
7862 4130
7863 1648
7864 6116
7865 1412
7866 1908
7867 1875
7868 4872
7869 9669
7870 3576
7871 3588
7872 4084
7873 1112
7874 3387
7875 1044
7876 3036
7877 3776
7878 1773
7879 4083
7880 2305
7881 1614
7882 2697
7883 817
7884 4203
7885 2517
7886 2920
7887 6597
7888 3292
7889 5873
7890 1424
7891 1765
7892 4742
7893 4609
7894 2164
7895 1715
7896 1904
7897 3748
7898 2703
7899 2311
7900 1892
7901 2291
7902 2654
7903 1515
7904 2344
7905 3089
7906 4036
7907 3373
7908 3647
7909 2298
7910 1710
7911 3774
7912 1133
7913 2865
7914 3186
7915 2046
7916 2534
7917 2399
7918 3865
7919 4084
7920 2276
7921 2693
7922 3630
7923 3998
7924 1407
7925 1746
7926 7524
7927 1784
7928 7921
7929 1470
7930 3047
7931 1999
7932 13777
7933 1190
7934 1153
7935 1910
7936 2858
7937 743
7938 1614
7939 1815
7940 10208
7941 2039
7942 1625
7943 2702
7944 7957
7945 1953
7946 1109
7947 1527
7948 5799
7949 781
7950 707
7951 1526
7952 11547
7953 1410
7954 1711
7955 7121
7956 4859
7957 1494
7958 2339
7959 5152
7960 2616
7961 1453
7962 2458
7963 3128
7964 2599
7965 3011
7966 2362
7967 919
7968 949
7969 1742
7970 4585
7971 1738
7972 2442
7973 1296
7974 777
7975 1501
7976 1858
7977 3168
7978 3628
7979 3037
7980 1453
7981 3432
7982 2404
7983 2164
7984 1917
7985 2747
7986 2767
7987 4701
7988 913
7989 734
7990 1075
7991 877
7992 1611
7993 890
7994 1603
7995 723
7996 1537
7997 1208
7998 1836
7999 1338
8000 932
8001 1248
8002 929
8003 963
8004 1403
8005 1593
8006 1520
8007 1045
8008 1055
8009 1373
8010 1983
8011 1022
8012 790
8013 665
8014 974
8015 849
8016 1325
8017 1411
8018 1417
8019 1154
8020 853
8021 1255
8022 780
8023 1036
8024 717
8025 720
8026 958
8027 1871
8028 733
8029 1601
8030 1256
8031 1342
8032 781
8033 1396
8034 1143
8035 878
8036 828
8037 1121
8038 2104
8039 1249
8040 1270
8041 1108
8042 1280
8043 1203
8044 1895
8045 1440
8046 1418
8047 1179
8048 2110
8049 1875
8050 1098
8051 1405
8052 934
8053 966
8054 1659
8055 1443
8056 1391
8057 723
8058 1714
8059 727
8060 1320
8061 2117
8062 4326
8063 4228
8064 3739
8065 2497
8066 2658
8067 3540
8068 3408
8069 4580
8070 3853
8071 2346
