1 2965
2 4312
3 3115
4 3320
5 6026
6 952
7 1696
8 6378
9 5600
10 3046
11 3808
12 1077
13 983
14 2277
15 2976
16 983
17 2326
18 3810
19 5216
20 978
21 1080
22 2200
23 2204
24 1111
25 992
26 1555
27 2720
28 773
29 201
30 2472
31 2560
32 840
33 1822
34 3315
35 1946
36 723
37 1156
38 1692
39 2499
40 1005
41 880
42 2824
43 3221
44 966
45 2181
46 1915
47 2472
48 1619
49 1456
50 3261
51 780
52 1538
53 1659
54 1848
55 3265
56 1150
57 966
58 2541
59 1065
60 2228
61 1092
62 2008
63 914
64 2384
65 1200
66 2368
67 2137
68 775
69 2721
70 1111
71 2581
72 2674
73 325
74 740
75 1222
76 1503
77 1525
78 1041
79 978
80 1449
81 1025
82 1085
83 2406
84 1203
85 1211
86 1629
87 1306
88 1783
89 1527
90 2294
91 1138
92 1978
93 2602
94 1107
95 2573
96 2069
97 1566
98 2550
99 889
100 1931
101 1760
102 2629
103 1783
104 3346
105 2475
106 2036
107 2067
108 2792
109 3199
110 2541
111 740
112 2479
113 2254
114 2864
115 2436
116 2723
117 2476
118 3247
119 2991
120 2464
121 2033
122 708
123 3443
124 5120
125 4760
126 3298
127 3417
128 4038
129 5093
130 4486
131 5231
132 4840
133 3135
134 2748
135 3592
136 2912
137 4612
138 4236
139 4537
140 4463
141 2450
142 4193
143 2257
144 2245
145 2008
146 2104
147 2955
148 3815
149 3945
150 4287
151 4738
152 6991
153 6022
154 7595
155 6989
156 6308
157 3987
158 4985
159 5989
160 7016
161 5881
162 6195
163 4119
164 4558
165 5785
166 3701
167 5339
168 4761
169 8071
170 3328
171 767
172 810
173 924
174 487
175 643
176 959
177 502
178 435
179 1427
180 1207
181 589
182 1796
183 1190
184 1531
185 655
186 5088
187 5986
188 6849
189 6149
190 4998
191 5525
192 5489
193 3961
194 4208
195 5851
196 5908
197 5472
198 2925
199 4755
200 6528
201 3539
202 1892
203 2484
204 1089
205 1746
206 2592
207 2603
208 4218
209 2456
210 2012
211 2827
212 4284
213 2419
214 2699
215 2212
216 2550
217 4679
218 5156
219 3852
220 2431
221 1395
222 2427
223 2778
224 2611
225 2846
226 2637
227 2381
228 1577
229 2583
230 1332
231 4123
232 2673
233 2950
234 2223
235 1732
236 2665
237 2818
238 2426
239 1625
240 1691
241 1811
242 1297
243 2833
244 1635
245 2399
246 1406
247 3026
248 1395
249 2076
250 1274
251 6370
252 3198
253 4411
254 5698
255 3371
256 3798
257 4259
258 3198
259 3422
260 7619
261 6110
262 4986
263 4572
264 4042
265 6594
266 2026
267 5866
268 5442
269 7003
270 3235
271 6542
272 6612
273 3984
274 4751
275 3875
276 5907
277 4005
278 5507
279 5981
280 4427
281 3510
282 4076
283 3876
284 4707
285 4253
286 4373
287 4948
288 4141
289 4933
290 3702
291 2749
292 2882
293 3110
294 4918
295 4999
296 2692
297 3233
298 2526
299 4149
300 4759
301 4474
302 2826
303 4150
304 1473
305 4512
306 5217
307 4413
308 3292
309 4689
310 5180
311 3369
312 3841
313 1461
314 3682
315 587
316 4765
317 3963
318 1855
319 6194
320 4993
321 5678
322 1567
323 6251
324 3733
325 5055
326 6097
327 2660
328 2752
329 7578
330 3464
331 5632
332 1627
333 6232
334 5274
335 6794
336 5724
337 5193
338 5277
339 5365
340 6403
341 6341
342 5213
343 6084
344 5689
345 6017
346 5097
347 6519
348 5241
349 5031
350 7361
351 2941
352 3574
353 3682
354 3966
355 2302
356 3245
357 2761
358 2933
359 1967
360 1509
361 3487
362 2139
363 2380
364 1900
365 2337
366 2259
367 2409
368 2780
369 2600
370 2466
371 2405
372 2722
373 2910
374 2223
375 2306
376 2389
377 2467
378 2101
379 2467
380 2408
381 2429
382 2340
383 6014
384 6186
385 5355
386 3542
387 4346
388 5297
389 5289
390 6174
391 2701
392 2949
393 4100
394 4451
395 5723
396 4528
397 4004
398 2840
399 4781
400 5416
401 3097
402 5397
403 3812
404 4448
405 5231
406 3950
407 4685
408 5940
409 5164
410 4126
411 4010
412 4824
413 4892
414 3794
415 4113
416 4399
417 5231
418 5019
419 4150
420 3879
421 3947
422 3793
423 4505
424 2376
425 3145
426 6228
427 4206
428 2598
429 3051
430 4253
431 2963
432 4786
433 3361
434 3146
435 2770
436 4311
437 2578
438 2373
439 5298
440 6301
441 2321
442 6736
443 7001
444 3606
445 4038
446 5374
447 5486
448 4819
449 5121
450 3741
451 1194
452 997
453 1864
454 1151
455 1250
456 1293
457 1314
458 1209
459 132
460 1428
461 1286
462 2068
463 1089
464 1118
465 4170
466 2370
467 1153
468 2202
469 1215
470 4024
471 1170
472 1965
473 1321
474 4020
475 3589
476 2148
477 3079
478 2460
479 2166
480 3349
481 1164
482 2728
483 2656
484 1557
485 4583
486 2120
487 2328
488 2546
489 3265
490 6691
491 3229
492 4879
493 1868
494 2028
495 2396
496 1983
497 2322
498 2289
499 2039
500 1766
501 2538
502 988
503 2642
504 2062
505 2715
506 1803
507 2277
508 3033
509 7562
510 8532
511 7573
512 5617
513 4902
514 5025
515 5327
516 4536
517 5953
518 5310
519 4283
520 5411
521 5984
522 4868
523 4542
524 4653
525 4698
526 7276
527 4047
528 5513
529 2443
530 5088
531 5507
532 4556
533 6253
534 4435
535 3279
536 2897
537 4217
538 4090
539 4550
540 3451
541 7742
542 5951
543 1014
544 3940
545 1368
546 1688
547 1789
548 1301
549 1325
550 2473
551 3813
552 1585
553 2007
554 2343
555 3110
556 1490
557 2925
558 695
559 1203
560 1988
561 1695
562 1811
563 2521
564 3073
565 3147
566 2468
567 2822
568 3442
569 1143
570 1750
571 3791
572 3316
573 3247
574 4238
575 456
576 1964
577 1723
578 3344
579 4767
580 5715
581 4821
582 5827
583 1731
584 3219
585 4127
586 3962
587 5788
588 4482
589 4164
590 5247
591 4805
592 3693
593 3478
594 2754
595 3276
596 903
597 2319
598 4439
599 5780
600 6728
601 1173
602 5746
603 2715
604 4919
605 3410
606 5210
607 4785
608 5095
609 5530
610 3406
611 5443
612 5410
613 4732
614 4746
615 4731
616 5912
617 4029
618 3681
619 5219
620 4822
621 4680
622 4789
623 5620
624 5039
625 1797
626 5894
627 6055
628 4026
629 2028
630 2698
631 3243
632 2499
633 2739
634 2112
635 2561
636 969
637 3459
638 2437
639 3936
640 3062
641 2501
642 4538
643 2308
644 6099
645 3727
646 5732
647 4941
648 4595
649 3923
650 5157
651 4331
652 3206
653 1227
654 5746
655 5678
656 4861
657 5595
658 4867
659 2538
660 4299
661 5770
662 4856
663 1048
664 3803
665 3168
666 3434
667 4104
668 3702
669 3733
670 4384
671 3789
672 3835
673 3495
674 3019
675 3646
676 3999
677 3695
678 4089
679 3241
680 3579
681 2601
682 4104
683 2717
684 1843
685 3338
686 4597
687 3490
688 2144
689 4753
690 2593
691 2945
692 2395
693 4742
694 2351
695 2099
696 4004
697 5013
698 1897
699 2872
700 2058
701 1877
702 1740
703 2158
704 2323
705 1686
706 2365
707 1817
708 1714
709 2731
710 2666
711 2011
712 2706
713 2118
714 2015
715 1928
716 1971
717 2220
718 1994
719 739
720 2099
721 1218
722 2072
723 2079
724 1882
725 2900
726 2361
727 1849
728 1017
729 2360
730 2251
731 1876
732 2991
733 2853
734 801
735 2176
736 2741
737 921
738 2281
739 2218
740 4408
741 3988
742 2831
743 4346
744 4616
745 3007
746 2899
747 4750
748 4372
749 5481
750 2944
751 6076
752 4383
753 4379
754 5331
755 4431
756 5855
757 5841
758 6089
759 5093
760 3912
761 4142
762 2242
763 3911
764 2512
765 2348
766 2929
767 4023
768 2151
769 2594
770 2290
771 3905
772 3625
773 2215
774 2505
775 2578
776 3208
777 3903
778 1951
779 1785
780 1398
781 1388
782 1958
783 1476
784 4008
785 2862
786 1533
787 4989
788 1440
789 2163
790 3730
791 3708
792 2908
793 4451
794 2786
795 1503
796 1951
797 3212
798 3431
799 3309
800 1311
801 2436
802 1028
803 1457
804 2859
805 1463
806 3442
807 2902
808 1928
809 4488
810 2786
811 3972
812 2887
813 3193
814 2195
815 2419
816 2053
817 2827
818 1027
819 3776
820 2790
821 4346
822 5039
823 2576
824 2840
825 3596
826 2907
827 2937
828 2678
829 2020
830 462
831 4614
832 2364
833 2908
834 4811
835 3554
836 3696
837 3045
838 4161
839 3201
840 3882
841 3189
842 3381
843 2038
844 4568
845 3340
846 2939
847 3400
848 4163
849 2322
850 2846
851 7527
852 5268
853 6746
854 4885
855 5743
856 4194
857 5467
858 6919
859 6144
860 5106
861 4983
862 8531
863 3862
864 4016
865 4144
866 3784
867 6025
868 3617
869 6388
870 6469
871 5477
872 6194
873 5423
874 5250
875 5328
876 6523
877 5816
878 5969
879 5834
880 5190
881 5489
882 5287
883 7890
884 5179
885 6010
886 4778
887 6358
888 5959
889 8142
890 5466
891 6484
892 6092
893 5402
894 5491
895 6064
896 6133
897 4191
898 5482
899 1272
900 1120
901 1781
902 1522
903 4397
904 1525
905 3480
906 1807
907 3661
908 1684
909 1284
910 5197
911 5207
912 2164
913 6000
914 1946
915 1968
916 4944
917 4445
918 3236
919 1745
920 1245
921 3735
922 3318
923 1513
924 4835
925 2847
926 4357
927 1890
928 1832
929 3496
930 3637
931 3288
932 5898
933 1622
934 3340
935 3489
936 3183
937 2812
938 3279
939 1277
940 1875
941 1986
942 1626
943 1805
944 1584
945 3042
946 1472
947 2003
948 2005
949 1528
950 1699
951 3721
952 3801
953 2052
954 1430
955 1012
956 802
957 1898
958 1154
959 1311
960 1187
961 1544
962 649
963 832
964 1038
965 1397
966 1266
967 939
968 700
969 1587
970 991
971 1379
972 1440
973 1265
974 1489
975 1283
976 1322
977 1165
978 1553
979 1228
980 1019
981 1379
982 1245
983 925
984 784
985 927
986 763
987 1035
988 1371
989 1108
990 2931
991 3072
992 4713
993 2813
994 2429
995 3252
996 5329
997 3015
998 3028
999 892
1000 3835
1001 3898
1002 3305
1003 1533
1004 2652
1005 1213
1006 1543
1007 3177
1008 1322
1009 2386
1010 3355
1011 3945
1012 2244
1013 2132
1014 4801
1015 3765
1016 1198
1017 4213
1018 3693
1019 3590
1020 1955
1021 1513
1022 3067
1023 1241
1024 2355
1025 1156
1026 2598
1027 2276
1028 4144
1029 3108
1030 5179
1031 5632
1032 5214
1033 4445
1034 6850
1035 5670
1036 7437
1037 4702
1038 6461
1039 5751
1040 5624
1041 5873
1042 4870
1043 5747
1044 5153
1045 6122
1046 5856
1047 5897
1048 4840
1049 5473
1050 4722
1051 5008
1052 2763
1053 3365
1054 3703
1055 6962
1056 5115
1057 4639
1058 3423
1059 5141
1060 4199
1061 1148
1062 4738
1063 4194
1064 4824
1065 3904
1066 4083
1067 3313
1068 3993
1069 3714
1070 4511
1071 3432
1072 3206
1073 3822
1074 4183
1075 4882
1076 5311
1077 2892
1078 3187
1079 4112
1080 1883
1081 4110
1082 3763
1083 4062
1084 4417
1085 3520
1086 3944
1087 3188
1088 2565
1089 3204
1090 2933
1091 2915
1092 2579
1093 2802
1094 3356
1095 4297
1096 5204
1097 2912
1098 2313
1099 4116
1100 3268
1101 2802
1102 2039
1103 5374
1104 2514
1105 7041
1106 3594
1107 6160
1108 1416
1109 3541
1110 6726
1111 4047
1112 3549
1113 3329
1114 2079
1115 2445
1116 4624
1117 1254
1118 1373
1119 6537
1120 1710
1121 2522
1122 6784
1123 691
1124 2642
1125 2048
1126 1220
1127 1804
1128 1513
1129 2660
1130 1587
1131 2215
1132 4541
1133 1575
1134 2837
1135 1567
1136 3572
1137 3814
1138 698
1139 2244
1140 2139
1141 2622
1142 330
1143 3299
1144 5043
1145 3208
1146 781
1147 1171
1148 1540
1149 1823
1150 1422
1151 2224
1152 2077
1153 4954
1154 2053
1155 1124
1156 1778
1157 2665
1158 2755
1159 1957
1160 1308
1161 1473
1162 1746
1163 1521
1164 986
1165 2810
1166 1622
1167 2394
1168 1025
1169 1687
1170 1147
1171 1474
1172 2019
1173 1287
1174 1504
1175 1348
1176 1405
1177 1428
1178 1459
1179 1257
1180 1483
1181 1673
1182 3529
1183 1677
1184 1545
1185 1689
1186 1424
1187 1748
1188 1424
1189 2097
1190 1689
1191 1703
1192 1550
1193 2015
1194 1922
1195 2438
1196 1673
1197 1599
1198 1535
1199 1853
1200 3098
1201 2357
1202 1339
1203 1717
1204 1448
1205 1374
1206 1878
1207 1731
1208 1884
1209 1941
1210 1447
1211 1558
1212 1921
1213 2000
1214 2803
1215 1838
1216 1504
1217 2540
1218 1413
1219 1036
1220 1775
1221 1903
1222 1948
1223 1572
1224 1716
1225 1489
1226 1726
1227 1821
1228 2006
1229 1493
1230 1608
1231 1998
1232 2561
1233 1916
1234 1363
1235 1847
1236 1601
1237 1593
1238 1471
1239 1765
1240 1095
1241 2955
1242 1660
1243 1584
1244 703
1245 1428
1246 1703
1247 2426
1248 2264
1249 1554
1250 1783
1251 1735
1252 2000
1253 1967
1254 1487
1255 2021
1256 2058
1257 2238
1258 1919
1259 1842
1260 2006
1261 1431
1262 2389
1263 1860
1264 2248
1265 1753
1266 2158
1267 1963
1268 1582
1269 1774
1270 1661
1271 1821
1272 3606
1273 1594
1274 1512
1275 2029
1276 1864
1277 1948
1278 1588
1279 2652
1280 2674
1281 2173
1282 1562
1283 1414
1284 2139
1285 1720
1286 2131
1287 1532
1288 2227
1289 1334
1290 1690
1291 1345
1292 1687
1293 1584
1294 1525
1295 1629
1296 2041
1297 2680
1298 2031
1299 2054
1300 2229
1301 2228
1302 1870
1303 1759
1304 1188
1305 1769
1306 694
1307 1553
1308 1032
1309 1209
1310 1727
1311 1357
1312 1387
1313 1558
1314 1346
1315 1212
1316 1087
1317 1596
1318 1644
1319 1018
1320 1636
1321 1284
1322 1208
1323 1538
1324 1756
1325 1185
1326 1296
1327 1299
1328 1519
1329 1707
1330 1714
1331 1893
1332 1282
1333 1649
1334 911
1335 1497
1336 1613
1337 1407
1338 1072
1339 1119
1340 1477
1341 1548
1342 2917
1343 1665
1344 1541
1345 1140
1346 1537
1347 1468
1348 1795
1349 1461
1350 1633
1351 800
1352 1221
1353 1903
1354 2357
1355 2445
1356 1739
1357 1727
1358 1498
1359 1741
1360 2071
1361 4589
1362 1732
1363 1407
1364 2125
1365 2564
1366 1854
1367 1843
1368 1806
1369 1724
1370 1807
1371 1608
1372 1866
1373 1997
1374 2025
1375 2197
1376 1434
1377 1477
1378 2013
1379 1797
1380 2439
1381 1924
1382 1273
1383 1484
1384 1825
1385 1709
1386 2245
1387 3414
1388 2707
1389 2976
1390 3897
1391 1816
1392 2833
1393 1420
1394 1761
1395 3215
1396 3003
1397 3334
1398 1490
1399 3110
1400 1616
1401 1820
1402 1687
1403 2269
1404 1754
1405 1509
1406 2244
1407 1673
1408 1878
1409 1829
1410 1780
1411 1233
1412 6734
1413 5100
1414 3941
1415 4565
1416 4753
1417 3838
1418 3471
1419 3853
1420 7081
1421 3682
1422 3309
1423 3929
1424 6212
1425 3161
1426 5166
1427 2471
1428 6015
1429 3950
1430 4188
1431 3073
1432 6523
1433 6086
1434 4569
1435 3871
1436 3167
1437 4850
1438 4809
1439 3587
1440 5012
1441 3644
1442 3860
1443 3527
1444 1447
1445 2896
1446 2827
1447 1267
1448 1529
1449 1359
1450 1646
1451 1391
1452 6638
1453 1794
1454 2092
1455 3135
1456 4464
1457 4783
1458 1961
1459 3328
1460 4037
1461 1499
1462 6352
1463 1598
1464 6066
1465 5433
1466 5481
1467 2074
1468 3320
1469 4147
1470 1738
1471 5747
1472 1595
1473 4096
1474 1978
1475 4903
1476 3612
1477 1911
1478 3654
1479 1093
1480 3228
1481 1709
1482 5414
1483 3586
1484 1677
1485 1437
1486 1835
1487 1307
1488 1724
1489 1788
1490 3672
1491 4217
1492 4391
1493 2022
1494 1193
1495 1353
1496 4355
1497 4477
1498 2192
1499 1150
1500 1180
1501 1476
1502 1698
1503 1821
1504 1379
1505 1745
1506 1547
1507 1224
1508 314
1509 2242
1510 1488
1511 1458
1512 1421
1513 1193
1514 826
1515 1692
1516 1161
1517 1603
1518 1192
1519 1506
1520 2405
1521 1085
1522 1639
1523 988
1524 1381
1525 1783
1526 1174
1527 1751
1528 2219
1529 2012
1530 1471
1531 1447
1532 1305
1533 27
1534 27
1535 24
1536 618
1537 98
1538 1826
1539 1702
1540 2995
1541 1930
1542 1692
1543 2098
1544 1746
1545 1679
1546 1564
1547 1777
1548 2648
1549 1607
1550 1631
1551 2780
1552 1655
1553 1350
1554 3335
1555 3250
1556 1652
1557 668
1558 1511
1559 1841
1560 2057
1561 1355
1562 1152
1563 1863
1564 2488
1565 1465
1566 1562
1567 1548
1568 1726
1569 1147
1570 720
1571 1508
1572 1842
1573 1441
1574 1257
1575 1486
1576 1652
1577 1439
1578 1845
1579 966
1580 1993
1581 1410
1582 1590
1583 1586
1584 1387
1585 1553
1586 1630
1587 2396
1588 1350
1589 1506
1590 1576
1591 1553
1592 1387
1593 1608
1594 2632
1595 1726
1596 1654
1597 1209
1598 1926
1599 1407
1600 1343
1601 2679
1602 1787
1603 2181
1604 2567
1605 3015
1606 2642
1607 2001
1608 2318
1609 2167
1610 1957
1611 3079
1612 836
1613 2235
1614 2858
1615 1960
1616 2001
1617 867
1618 2099
1619 2130
1620 2517
1621 2317
1622 2065
1623 3735
1624 2336
1625 2444
1626 986
1627 2264
1628 788
1629 2428
1630 1725
1631 2371
1632 3148
1633 2309
1634 3494
1635 1846
1636 1682
1637 1459
1638 1060
1639 1495
1640 1500
1641 1544
1642 2253
1643 1397
1644 1650
1645 1344
1646 1717
1647 1847
1648 2816
1649 623
1650 1509
1651 1650
1652 1638
1653 1072
1654 1772
1655 2614
1656 2198
1657 1231
1658 1231
1659 3440
1660 1153
1661 1023
1662 4228
1663 1110
1664 3254
1665 1382
1666 2352
1667 1020
1668 2235
1669 2603
1670 1470
1671 1495
1672 1228
1673 1184
1674 2858
1675 2928
1676 3300
1677 1215
1678 1380
1679 2278
1680 1147
1681 2022
1682 2063
1683 1931
1684 858
1685 896
1686 838
1687 1685
1688 1489
1689 2562
1690 1964
1691 775
1692 854
1693 833
1694 1836
1695 1575
1696 1900
1697 887
1698 1015
1699 1700
1700 2555
1701 946
1702 1973
1703 2948
1704 1629
1705 919
1706 1844
1707 1359
1708 514
1709 712
1710 1388
1711 604
1712 1221
1713 2205
1714 1210
1715 2420
1716 1452
1717 2764
1718 2550
1719 3387
1720 951
1721 3847
1722 4128
1723 1737
1724 3529
1725 3808
1726 1931
1727 1213
1728 1860
1729 1351
1730 853
1731 4989
1732 2508
1733 3699
1734 2289
1735 2881
1736 1514
1737 3385
1738 1079
1739 767
1740 660
1741 3259
1742 1651
1743 4009
1744 3314
1745 2290
1746 2611
1747 5547
1748 1436
1749 2012
1750 1674
1751 1296
1752 999
1753 1616
1754 3199
1755 2596
1756 2723
1757 1182
1758 1425
1759 3755
1760 2619
1761 1374
1762 2119
1763 1601
1764 2638
1765 3622
1766 2999
1767 848
1768 2817
1769 498
1770 1943
1771 2287
1772 711
1773 432
1774 685
1775 420
1776 443
1777 402
1778 513
1779 497
1780 413
1781 394
1782 1139
1783 856
1784 571
1785 497
1786 558
1787 524
1788 411
1789 446
1790 491
1791 689
1792 1157
1793 1750
1794 531
1795 993
1796 1653
1797 285
1798 516
1799 488
1800 436
1801 411
1802 1727
1803 2052
1804 2307
1805 1894
1806 2242
1807 1277
1808 2162
1809 1497
1810 3980
1811 2598
1812 2600
1813 5691
1814 1775
1815 1538
1816 2087
1817 2875
1818 2417
1819 4047
1820 2994
1821 2240
1822 1236
1823 2714
1824 2487
1825 1025
1826 2422
1827 2148
1828 2171
1829 1774
1830 4680
1831 2479
1832 4533
1833 2447
1834 3538
1835 1410
1836 2298
1837 4967
1838 2021
1839 1239
1840 4225
1841 1274
1842 1945
1843 2099
1844 2198
1845 2183
1846 2488
1847 2154
1848 2768
1849 3243
1850 2060
1851 896
1852 1948
1853 1978
1854 1150
1855 1031
1856 3322
1857 2282
1858 2301
1859 3383
1860 3329
1861 2692
1862 2274
1863 3986
1864 2646
1865 2999
1866 2186
1867 3737
1868 4558
1869 3840
1870 2188
1871 3979
1872 4262
1873 4264
1874 4227
1875 1641
1876 3785
1877 2122
1878 2431
1879 1658
1880 1990
1881 2863
1882 1864
1883 756
1884 2242
1885 2036
1886 4785
1887 3592
1888 2844
1889 2320
1890 1651
1891 1469
1892 5019
1893 2827
1894 3517
1895 4251
1896 3628
1897 1613
1898 5420
1899 4852
1900 4996
1901 1823
1902 1962
1903 1412
1904 128
1905 1220
1906 1417
1907 2827
1908 428
1909 5838
1910 2791
1911 1900
1912 4739
1913 2315
1914 435
1915 2833
1916 1556
1917 3252
1918 4743
1919 2668
1920 1905
1921 2244
1922 5065
1923 3058
1924 3261
1925 2490
1926 1822
1927 2457
1928 1698
1929 2122
1930 1162
1931 1355
1932 585
1933 3428
1934 2858
1935 3211
1936 14
1937 1666
1938 3684
1939 962
1940 1572
1941 2208
1942 1632
1943 1331
1944 3154
1945 1689
1946 1500
1947 3108
1948 868
1949 1467
1950 3955
1951 1072
1952 2402
1953 3015
1954 1716
1955 1239
1956 2097
1957 2736
1958 3089
1959 1795
1960 2811
1961 1822
1962 665
1963 2480
1964 4087
1965 2019
1966 976
1967 2065
1968 1627
1969 890
1970 2157
1971 921
1972 1220
1973 998
1974 1616
1975 1991
1976 1951
1977 94
1978 2039
1979 2847
1980 1285
1981 1825
1982 3986
1983 1670
1984 3287
1985 3187
1986 1453
1987 3875
1988 3304
1989 1882
1990 1729
1991 1548
1992 1413
1993 3785
1994 2339
1995 2571
1996 2389
1997 3113
1998 4799
1999 2884
2000 860
2001 1683
2002 2477
2003 1868
2004 1001
2005 1739
2006 1573
2007 2647
2008 2275
2009 2145
2010 675
2011 2010
2012 1538
2013 1582
2014 687
2015 2240
2016 2869
2017 3051
2018 2105
2019 1142
2020 4366
2021 2036
2022 2051
2023 3374
2024 3342
2025 1983
2026 1901
2027 2117
2028 3540
2029 1911
2030 3869
2031 1911
2032 788
2033 1679
2034 2135
2035 602
2036 1278
2037 68
2038 1552
2039 856
2040 2734
2041 2504
2042 2066
2043 3150
2044 2396
2045 880
2046 2834
2047 1643
2048 649
2049 720
2050 2631
2051 2179
2052 1755
2053 1559
2054 2064
2055 2834
2056 1875
2057 890
2058 861
2059 2976
2060 929
2061 2140
2062 2582
2063 2120
2064 1470
2065 691
2066 1753
2067 1755
2068 1413
2069 1938
2070 1001
2071 512
2072 511
2073 1329
2074 2412
2075 658
2076 2166
2077 1650
2078 832
2079 724
2080 1366
2081 1181
2082 1043
2083 1632
2084 724
2085 1585
2086 675
2087 1695
2088 1052
2089 936
2090 418
2091 783
2092 2048
2093 1762
2094 767
2095 491
2096 1874
2097 222
2098 870
2099 1610
2100 1658
2101 1312
2102 1751
2103 871
2104 1485
2105 1072
2106 878
2107 1011
2108 1808
2109 994
2110 1070
2111 613
2112 1483
2113 2316
2114 1200
2115 2000
2116 62
2117 2284
2118 1826
2119 1375
2120 1606
2121 898
2122 1417
2123 1479
2124 992
2125 4350
2126 1722
2127 1987
2128 1106
2129 3175
2130 1053
2131 987
2132 1026
2133 4743
2134 2240
2135 1986
2136 814
2137 4057
2138 1068
2139 256
2140 795
2141 3451
2142 593
2143 1172
2144 1928
2145 4037
2146 1152
2147 2642
2148 652
2149 4083
2150 888
2151 1621
2152 1294
2153 3381
2154 1101
2155 564
2156 1841
2157 3219
2158 577
2159 1507
2160 592
2161 3719
2162 389
2163 182
2164 30
2165 1963
2166 767
2167 2094
2168 1309
2169 2188
2170 321
2171 2182
2172 3258
2173 3786
2174 1997
2175 585
2176 1272
2177 285
2178 431
2179 1482
2180 831
2181 2391
2182 1527
2183 1787
2184 5300
2185 499
2186 2436
2187 3906
2188 2739
2189 1167
2190 3660
2191 695
2192 2506
2193 4070
2194 3251
2195 907
2196 3985
2197 2808
2198 2216
2199 3240
2200 2086
2201 456
2202 2656
2203 514
2204 2729
2205 4151
2206 2692
2207 536
2208 706
2209 778
2210 2971
2211 3353
2212 3048
2213 1270
2214 525
2215 610
2216 1753
2217 4223
2218 2498
2219 1646
2220 1121
2221 2506
2222 1856
2223 4470
2224 2957
2225 718
2226 1593
2227 1024
2228 1317
2229 3808
2230 2520
2231 475
2232 963
2233 2507
2234 2691
2235 1495
2236 712
2237 1089
2238 1692
2239 1755
2240 1823
2241 713
2242 2685
2243 1470
2244 652
2245 24
2246 1752
2247 3445
2248 800
2249 1743
2250 2089
2251 3597
2252 2004
2253 1743
2254 2656
2255 2350
2256 1518
2257 1999
2258 2497
2259 2635
2260 2059
2261 2404
2262 1906
2263 1827
2264 1963
2265 1906
2266 1694
2267 2031
2268 1760
2269 2053
2270 1790
2271 2113
2272 711
2273 2863
2274 663
2275 1994
2276 1710
2277 2809
2278 2309
2279 2601
2280 939
2281 1682
2282 2399
2283 1877
2284 1557
2285 1627
2286 1932
2287 1723
2288 1721
2289 2280
2290 1638
2291 1113
2292 1797
2293 690
2294 2777
2295 1623
2296 1324
2297 1632
2298 1592
2299 783
2300 2122
2301 1771
2302 699
2303 1542
2304 911
2305 1440
2306 1776
2307 1059
2308 2256
2309 3508
2310 1429
2311 1615
2312 2662
2313 2301
2314 1813
2315 930
2316 1046
2317 2315
2318 1399
2319 1715
2320 682
2321 1459
2322 1511
2323 1218
2324 491
2325 1989
2326 583
2327 1719
2328 506
2329 1540
2330 1858
2331 831
2332 1402
2333 699
2334 1165
2335 762
2336 597
2337 558
2338 1254
2339 757
2340 518
2341 633
2342 1270
2343 1812
2344 1852
2345 601
2346 796
2347 1648
2348 569
2349 1398
2350 531
2351 587
2352 1844
2353 1244
2354 2152
2355 1046
2356 1135
2357 547
2358 1410
2359 3101
2360 796
2361 1906
2362 3200
2363 577
2364 1929
2365 1441
2366 1237
2367 683
2368 988
2369 1788
2370 1760
2371 662
2372 898
2373 2623
2374 914
2375 623
2376 651
2377 1103
2378 2071
2379 1346
2380 1160
2381 1611
2382 2444
2383 1284
2384 574
2385 531
2386 536
2387 1095
2388 2266
2389 1949
2390 585
2391 737
2392 727
2393 611
2394 2212
2395 2033
2396 1734
2397 1737
2398 1890
2399 3751
2400 2197
2401 2367
2402 1294
2403 972
2404 669
2405 1046
2406 1672
2407 1165
2408 458
2409 418
2410 600
2411 2483
2412 819
2413 788
2414 1447
2415 1878
2416 1743
2417 1291
2418 586
2419 1207
2420 1524
2421 1198
2422 1782
2423 1087
2424 1475
2425 1463
2426 1888
2427 2190
2428 933
2429 1130
2430 1480
2431 2248
2432 445
2433 1663
2434 2259
2435 928
2436 1125
2437 1846
2438 1538
2439 2129
2440 946
2441 2684
2442 668
2443 2434
2444 1519
2445 1855
2446 1670
2447 1025
2448 2722
2449 2281
2450 2225
2451 753
2452 818
2453 877
2454 3057
2455 4502
2456 2854
2457 3005
2458 3582
2459 2865
2460 3067
2461 3160
2462 2934
2463 3308
2464 3089
2465 1666
2466 1564
2467 1664
2468 1542
2469 1987
2470 1750
2471 849
2472 1540
2473 1734
2474 1628
2475 1738
2476 1442
2477 1644
2478 825
2479 814
2480 1603
2481 1424
2482 3307
2483 2730
2484 1598
2485 3225
2486 3201
2487 2587
2488 2655
2489 3710
2490 3067
2491 3438
2492 3764
2493 2966
2494 2784
2495 2384
2496 923
2497 903
2498 2954
2499 1762
2500 1570
2501 2737
2502 844
2503 3362
2504 2116
2505 3239
2506 2062
2507 2524
2508 1007
2509 2417
2510 1507
2511 1532
2512 448
2513 1283
2514 6634
2515 6669
2516 5159
2517 4073
2518 5182
2519 5079
2520 5249
2521 5369
2522 5500
2523 5277
2524 4747
2525 3470
2526 3716
2527 3417
2528 5753
2529 5599
2530 4395
2531 1911
2532 2388
2533 4054
2534 2447
2535 3576
2536 1201
2537 3180
2538 3788
2539 1396
2540 3007
2541 1329
2542 1158
2543 1425
2544 2312
2545 2108
2546 3425
2547 3167
2548 944
2549 1371
2550 2505
2551 2262
2552 3456
2553 1720
2554 2753
2555 2852
2556 1788
2557 2647
2558 2891
2559 2640
2560 2059
2561 2098
2562 2639
2563 2429
2564 1930
2565 2580
2566 2772
2567 3175
2568 2831
2569 2668
2570 2323
2571 2352
2572 1540
2573 970
2574 1695
2575 116
2576 1521
2577 840
2578 652
2579 1258
2580 963
2581 454
2582 1509
2583 995
2584 880
2585 1290
2586 1739
2587 924
2588 568
2589 703
2590 902
2591 604
2592 1037
2593 1550
2594 59
2595 281
2596 944
2597 1211
2598 393
2599 814
2600 832
2601 1167
2602 566
2603 1191
2604 1379
2605 1371
2606 3026
2607 3004
2608 1664
2609 2266
2610 4258
2611 5078
2612 5113
2613 4987
2614 5110
2615 4562
2616 3420
2617 5039
2618 5711
2619 5367
2620 3294
2621 4365
2622 3998
2623 4365
2624 3572
2625 3108
2626 3638
2627 844
2628 2406
2629 3754
2630 1038
2631 2069
2632 1629
2633 3102
2634 2841
2635 2894
2636 852
2637 844
2638 1995
2639 1866
2640 1995
2641 2355
2642 2398
2643 2223
2644 2241
2645 1582
2646 1174
2647 1974
2648 876
2649 947
2650 875
2651 1836
2652 898
2653 2799
2654 1619
2655 1741
2656 1916
2657 4489
2658 840
2659 1874
2660 2808
2661 774
2662 1539
2663 1097
2664 539
2665 2007
2666 778
2667 769
2668 2979
2669 2204
2670 782
2671 1582
2672 381
2673 549
2674 981
2675 2429
2676 1053
2677 3383
2678 2404
2679 3275
2680 4195
2681 1051
2682 3121
2683 2738
2684 3044
2685 2497
2686 1661
2687 4276
2688 3847
2689 4384
2690 1058
2691 3319
2692 3477
2693 2267
2694 2949
2695 680
2696 2889
2697 684
2698 3358
2699 1920
2700 1409
2701 2544
2702 828
2703 2722
2704 3566
2705 887
2706 1293
2707 2533
2708 1931
2709 1364
2710 2878
2711 871
2712 897
2713 832
2714 833
2715 950
2716 1046
2717 1592
2718 912
2719 2535
2720 544
2721 2048
2722 1095
2723 2160
2724 3171
2725 858
2726 1373
2727 1382
2728 2168
2729 1546
2730 661
2731 3307
2732 2482
2733 1284
2734 1543
2735 662
2736 1097
2737 2092
2738 2082
2739 1918
2740 3701
2741 2192
2742 2616
2743 2592
2744 3338
2745 2842
2746 2146
2747 2551
2748 4915
2749 1076
2750 2964
2751 2700
2752 4642
2753 2993
2754 2047
2755 1794
2756 1936
2757 1800
2758 2093
2759 2174
2760 2819
2761 2565
2762 3014
2763 821
2764 1537
2765 3185
2766 3111
2767 3320
2768 2471
2769 2598
2770 2477
2771 2664
2772 2098
2773 3499
2774 2367
2775 2701
2776 2946
2777 2990
2778 2852
2779 2395
2780 2134
2781 2784
2782 3587
2783 6608
2784 1171
2785 2467
2786 2839
2787 3688
2788 2933
2789 3359
2790 4076
2791 6202
2792 2737
2793 4142
2794 1934
2795 4038
2796 2557
2797 4530
2798 4206
2799 4812
2800 2443
2801 1432
2802 2927
2803 3691
2804 1608
2805 1350
2806 3436
2807 2351
2808 4053
2809 3199
2810 916
2811 2747
2812 2921
2813 1192
2814 1165
2815 3561
2816 2423
2817 2964
2818 2451
2819 3007
2820 872
2821 1747
2822 2564
2823 4620
2824 2588
2825 927
2826 729
2827 1626
2828 2826
2829 3475
2830 2427
2831 2836
2832 2972
2833 1866
2834 3361
2835 4570
2836 3980
2837 2380
2838 2524
2839 2687
2840 605
2841 2981
2842 3517
2843 2480
2844 2071
2845 1560
2846 2087
2847 2515
2848 2097
2849 3020
2850 935
2851 1862
2852 1567
2853 1053
2854 2275
2855 3759
2856 2737
2857 3795
2858 1484
2859 874
2860 3797
2861 2973
2862 5996
2863 2637
2864 2374
2865 3082
2866 711
2867 4032
2868 3144
2869 3696
2870 1975
2871 2514
2872 844
2873 763
2874 6068
2875 3659
2876 4067
2877 1753
2878 3654
2879 3679
2880 1207
2881 4151
2882 3080
2883 3714
2884 2570
2885 2540
2886 1069
2887 796
2888 3392
2889 2962
2890 4624
2891 2580
2892 3935
2893 987
2894 1383
2895 1900
2896 3166
2897 4620
2898 1870
2899 3278
2900 4391
2901 833
2902 4265
2903 3319
2904 4085
2905 830
2906 3661
2907 3445
2908 2087
2909 4434
2910 2214
2911 2144
2912 934
2913 4234
2914 968
2915 2387
2916 2738
2917 2656
2918 2494
2919 3310
2920 3609
2921 3894
2922 2441
2923 3311
2924 2441
2925 2141
2926 2046
2927 3583
2928 1167
2929 1057
2930 2306
2931 1221
2932 2085
2933 2202
2934 2811
2935 2150
2936 3093
2937 2884
2938 3448
2939 3271
2940 3877
2941 3118
2942 1537
2943 1833
2944 2284
2945 3801
2946 2182
2947 2557
2948 2518
2949 901
2950 2225
2951 2305
2952 2488
2953 2073
2954 3460
2955 2983
2956 2101
2957 2750
2958 2703
2959 1231
2960 1805
2961 3138
2962 3798
2963 2784
2964 3757
2965 2874
2966 3517
2967 1060
2968 2793
2969 3122
2970 78
2971 4032
2972 2213
2973 863
2974 2970
2975 2606
2976 2735
2977 2916
2978 3527
2979 4410
2980 3051
2981 3206
2982 2568
2983 3026
2984 3279
2985 2875
2986 1479
2987 1452
2988 1878
2989 1846
2990 2231
2991 2319
2992 2122
2993 2021
2994 2098
2995 2695
2996 2606
2997 1531
2998 2124
2999 1641
3000 1675
3001 1853
3002 2048
3003 2510
3004 3120
3005 3117
3006 2748
3007 4766
3008 3438
3009 3275
3010 3585
3011 3801
3012 3434
3013 2323
3014 2428
3015 2819
3016 2967
3017 2957
3018 2261
3019 2405
3020 2508
3021 2580
3022 782
3023 3049
3024 2383
3025 3069
3026 3733
3027 3747
3028 1847
3029 2716
3030 2698
3031 3110
3032 2885
3033 1962
3034 2634
3035 2935
3036 3806
3037 3662
3038 3604
3039 3109
3040 3205
3041 3586
3042 3576
3043 3491
3044 3241
3045 3448
3046 3347
3047 3152
3048 2932
3049 3500
3050 830
3051 2700
3052 2645
3053 5343
3054 3352
3055 2374
3056 1153
3057 2447
3058 1051
3059 3798
3060 2379
3061 2139
3062 846
3063 3735
3064 3493
3065 1929
3066 2296
3067 3350
3068 1566
3069 3305
3070 1322
3071 3226
3072 2938
3073 1848
3074 3351
3075 3049
3076 3382
3077 2857
3078 2623
3079 2149
3080 2720
3081 2440
3082 3477
3083 1906
3084 3536
3085 3497
3086 2330
3087 2028
3088 2264
3089 3123
3090 777
3091 4165
3092 3740
3093 1917
3094 833
3095 5041
3096 2091
3097 1152
3098 880
3099 1535
3100 973
3101 306
3102 928
3103 469
3104 722
3105 1578
3106 1082
3107 1366
3108 1653
3109 469
3110 1120
3111 838
3112 1895
3113 1708
3114 1413
3115 2562
3116 2354
3117 2340
3118 2220
3119 1416
3120 2719
3121 1786
3122 2339
3123 1826
3124 1060
3125 2968
3126 1249
3127 1900
3128 2029
3129 917
3130 2258
3131 2268
3132 2521
3133 2415
3134 2787
3135 2684
3136 2283
3137 960
3138 2409
3139 790
3140 912
3141 1558
3142 1994
3143 3218
3144 777
3145 1287
3146 2445
3147 1290
3148 778
3149 2060
3150 1440
3151 1113
3152 1840
3153 1018
3154 1193
3155 1958
3156 1272
3157 963
3158 1526
3159 1564
3160 1571
3161 1598
3162 2646
3163 1953
3164 1560
3165 4668
3166 2192
3167 3875
3168 4695
3169 3276
3170 1341
3171 1686
3172 792
3173 1032
3174 1051
3175 1269
3176 54
3177 991
3178 677
3179 806
3180 883
3181 784
3182 2757
3183 779
3184 3464
3185 858
3186 1686
3187 1879
3188 797
3189 809
3190 2226
3191 2917
3192 4070
3193 2022
3194 3187
3195 3634
3196 2290
3197 2751
3198 3471
3199 903
3200 1334
3201 2285
3202 2656
3203 2115
3204 2074
3205 3356
3206 1897
3207 2267
3208 1711
3209 2499
3210 2880
3211 906
3212 2292
3213 2049
3214 1071
3215 1859
3216 997
3217 2373
3218 1957
3219 2779
3220 1769
3221 1927
3222 4985
3223 3675
3224 3251
3225 2864
3226 3523
3227 2077
3228 2378
3229 4482
3230 2309
3231 2239
3232 2627
3233 2747
3234 1921
3235 4658
3236 1425
3237 2126
3238 1753
3239 955
3240 2336
3241 1452
3242 3042
3243 1987
3244 2232
3245 2377
3246 945
3247 2806
3248 2358
3249 2095
3250 3829
3251 1945
3252 2928
3253 1951
3254 424
3255 1604
3256 1614
3257 1338
3258 2836
3259 1741
3260 1793
3261 2708
3262 3161
3263 711
3264 1613
3265 2355
3266 860
3267 1891
3268 1689
3269 3574
3270 422
3271 2836
3272 2510
3273 824
3274 1923
3275 2488
3276 2208
3277 1865
3278 1120
3279 1854
3280 1855
3281 1545
3282 2007
3283 556
3284 4121
3285 1588
3286 1044
3287 1074
3288 4677
3289 1889
3290 784
3291 994
3292 1524
3293 3126
3294 1305
3295 732
3296 1880
3297 1723
3298 1734
3299 3896
3300 2898
3301 1008
3302 2373
3303 1452
3304 3102
3305 1206
3306 1781
3307 2737
3308 1915
3309 1534
3310 1874
3311 2237
3312 694
3313 536
3314 1434
3315 731
3316 527
3317 607
3318 1283
3319 1041
3320 1310
3321 1026
3322 471
3323 415
3324 1171
3325 1305
3326 1264
3327 666
3328 587
3329 1139
3330 1522
3331 1295
3332 704
3333 198
3334 132
3335 1138
3336 743
3337 1947
3338 1561
3339 2314
3340 376
3341 2654
3342 1834
3343 2426
3344 1871
3345 3083
3346 3255
3347 2403
3348 3357
3349 3464
3350 2889
3351 2024
3352 3307
3353 3404
3354 2480
3355 1252
3356 1595
3357 1754
3358 1652
3359 3337
3360 2567
3361 2697
3362 607
3363 1565
3364 1471
3365 2773
3366 2484
3367 1653
3368 1755
3369 1446
3370 1437
3371 1793
3372 2367
3373 1967
3374 1187
3375 719
3376 1231
3377 1815
3378 2198
3379 2309
3380 2026
3381 1540
3382 2476
3383 2027
3384 2020
3385 1331
3386 2339
3387 2216
3388 2083
3389 1908
3390 1959
3391 1889
3392 2964
3393 1877
3394 3348
3395 1673
3396 1765
3397 1185
3398 2908
3399 2345
3400 3663
3401 1721
3402 2332
3403 1711
3404 2731
3405 2434
3406 2892
3407 1535
3408 1844
3409 1310
3410 783
3411 704
3412 3391
3413 2159
3414 2341
3415 1608
3416 3194
3417 2053
3418 1759
3419 2448
3420 2684
3421 1182
3422 986
3423 1335
3424 2370
3425 2088
3426 2006
3427 1666
3428 4111
3429 585
3430 1808
3431 1785
3432 1393
3433 1321
3434 2670
3435 1837
3436 2729
3437 2435
3438 1505
3439 1721
3440 1343
3441 1880
3442 2425
3443 2348
3444 1673
3445 499
3446 1883
3447 1577
3448 437
3449 1253
3450 1768
3451 2370
3452 1674
3453 1788
3454 1297
3455 1469
3456 1916
3457 1875
3458 1760
3459 1596
3460 1591
3461 2676
3462 1745
3463 2675
3464 1772
3465 2903
3466 1475
3467 2146
3468 2994
3469 2768
3470 2021
3471 1076
3472 2097
3473 903
3474 2721
3475 1353
3476 1463
3477 2161
3478 2175
3479 2098
3480 3786
3481 2355
3482 1919
3483 1189
3484 2502
3485 4531
3486 2856
3487 1210
3488 2015
3489 1465
3490 2139
3491 1149
3492 2304
3493 994
3494 767
3495 1942
3496 2855
3497 2429
3498 2599
3499 1649
3500 2748
3501 1717
3502 2304
3503 742
3504 2207
3505 4194
3506 1662
3507 2091
3508 5479
3509 1420
3510 1001
3511 2357
3512 1964
3513 2212
3514 1549
3515 1405
3516 739
3517 1394
3518 2252
3519 1536
3520 2702
3521 1688
3522 2221
3523 2498
3524 1592
3525 737
3526 714
3527 2626
3528 1124
3529 1396
3530 872
3531 1866
3532 1287
3533 2184
3534 2084
3535 4462
3536 2122
3537 4218
3538 2300
3539 3024
3540 2141
3541 2530
3542 2166
3543 3483
3544 2391
3545 2408
3546 2346
3547 3761
3548 1875
3549 3282
3550 2670
3551 2580
3552 4775
3553 1911
3554 2109
3555 2620
3556 1868
3557 1618
3558 2658
3559 2722
3560 3104
3561 846
3562 1955
3563 2548
3564 843
3565 1855
3566 1649
3567 1943
3568 2673
3569 3641
3570 2647
3571 2428
3572 2785
3573 3584
3574 3540
3575 2883
3576 1850
3577 2739
3578 2413
3579 1927
3580 3061
3581 4193
3582 896
3583 2450
3584 3356
3585 2002
3586 2565
3587 1077
3588 2925
3589 931
3590 3728
3591 805
3592 822
3593 2608
3594 2053
3595 1767
3596 2183
3597 2413
3598 1527
3599 1746
3600 1930
3601 663
3602 705
3603 631
3604 1623
3605 1575
3606 2516
3607 1804
3608 2291
3609 2392
3610 1409
3611 764
3612 635
3613 566
3614 577
3615 840
3616 1013
3617 235
3618 558
3619 1936
3620 1310
3621 1127
3622 1633
3623 733
3624 439
3625 358
3626 325
3627 770
3628 2190
3629 726
3630 1749
3631 1896
3632 1201
3633 71
3634 826
3635 1522
3636 1976
3637 1049
3638 794
3639 1096
3640 1524
3641 382
3642 468
3643 1647
3644 1574
3645 551
3646 1075
3647 920
3648 1067
3649 825
3650 627
3651 1298
3652 565
3653 719
3654 850
3655 3134
3656 1251
3657 2668
3658 2478
3659 2938
3660 3022
3661 3319
3662 2777
3663 2955
3664 1253
3665 4055
3666 1096
3667 718
3668 931
3669 2492
3670 1799
3671 1066
3672 2705
3673 1579
3674 2862
3675 805
3676 2072
3677 1891
3678 2507
3679 2277
3680 2112
3681 2720
3682 983
3683 1176
3684 2831
3685 1209
3686 1248
3687 1415
3688 3952
3689 2042
3690 3766
3691 1300
3692 4165
3693 3048
3694 2704
3695 4120
3696 4232
3697 1832
3698 2781
3699 2285
3700 3184
3701 2982
3702 1090
3703 1503
3704 1040
3705 1338
3706 1794
3707 1387
3708 2479
3709 1451
3710 2690
3711 2970
3712 2540
3713 1371
3714 1498
3715 2345
3716 1535
3717 696
3718 1006
3719 2061
3720 1019
3721 3422
3722 2127
3723 776
3724 974
3725 1731
3726 772
3727 3147
3728 1556
3729 826
3730 1489
3731 1449
3732 506
3733 2653
3734 1771
3735 2643
3736 815
3737 1886
3738 943
3739 1071
3740 2066
3741 2401
3742 1164
3743 795
3744 860
3745 1159
3746 3167
3747 2395
3748 953
3749 794
3750 661
3751 1027
3752 2403
3753 2516
3754 2267
3755 1791
3756 651
3757 787
3758 2577
3759 1049
3760 2128
3761 1755
3762 1763
3763 2623
3764 2752
3765 2312
3766 2887
3767 1841
3768 2200
3769 1968
3770 1511
3771 864
3772 1507
3773 1116
3774 2472
3775 1420
3776 1387
3777 2782
3778 1813
3779 1950
3780 747
3781 3240
3782 981
3783 1083
3784 2564
3785 1191
3786 2667
3787 1801
3788 2250
3789 1958
3790 2598
3791 1731
3792 860
3793 1093
3794 2556
3795 776
3796 2145
3797 2116
3798 1987
3799 2582
3800 1826
3801 952
3802 1513
3803 1043
3804 1033
3805 2088
3806 1580
3807 1643
3808 1946
3809 703
3810 1859
3811 2058
3812 2767
3813 844
3814 2160
3815 2057
3816 1743
3817 1122
3818 1529
3819 2396
3820 1124
3821 2353
3822 2193
3823 3057
3824 3117
3825 3005
3826 3065
3827 3512
3828 2739
3829 2748
3830 735
3831 2507
3832 1209
3833 2752
3834 774
3835 1513
3836 2709
3837 2115
3838 1336
3839 2001
3840 3646
3841 1189
3842 2017
3843 1134
3844 3431
3845 1289
3846 3646
3847 3751
3848 2880
3849 3954
3850 1147
3851 1290
3852 1304
3853 839
3854 4449
3855 1448
3856 1010
3857 2496
3858 1001
3859 2753
3860 2834
3861 2297
3862 1105
3863 835
3864 3014
3865 2521
3866 2383
3867 3229
3868 1252
3869 3391
3870 1399
3871 964
3872 1360
3873 701
3874 806
3875 1854
3876 1573
3877 1270
3878 819
3879 722
3880 1120
3881 3503
3882 676
3883 1046
3884 889
3885 807
3886 719
3887 769
3888 1748
3889 2618
3890 479
3891 907
3892 1767
3893 1361
3894 834
3895 2012
3896 630
3897 1506
3898 897
3899 927
3900 2663
3901 2279
3902 2767
3903 2646
3904 2787
3905 887
3906 1137
3907 2487
3908 847
3909 761
3910 1016
3911 3561
3912 3115
3913 2420
3914 1566
3915 1684
3916 952
3917 921
3918 1011
3919 1161
3920 2020
3921 1457
3922 821
3923 793
3924 1731
3925 1553
3926 2363
3927 843
3928 1813
3929 793
3930 3099
3931 5027
3932 2632
3933 2594
3934 1025
3935 2587
3936 2074
3937 2283
3938 5089
3939 2509
3940 1573
3941 3524
3942 2061
3943 2434
3944 1911
3945 3082
3946 1852
3947 2889
3948 2036
3949 1617
3950 3217
3951 4227
3952 1831
3953 1827
3954 2576
3955 1868
3956 2473
3957 2227
3958 1607
3959 1760
3960 1442
3961 2714
3962 2828
3963 893
3964 2665
3965 717
3966 1488
3967 2018
3968 892
3969 751
3970 1980
3971 1187
3972 2136
3973 1893
3974 2255
3975 1053
3976 2375
3977 803
3978 1412
3979 749
3980 1877
3981 1978
3982 2072
3983 1372
3984 1735
3985 1073
3986 1479
3987 1149
3988 1027
3989 2938
3990 3224
3991 964
3992 1018
3993 1615
3994 663
3995 1129
3996 703
3997 1860
3998 972
3999 1103
4000 1593
4001 610
4002 859
4003 957
4004 896
4005 714
4006 398
4007 894
4008 3688
4009 4636
4010 3910
4011 3749
4012 4463
4013 3473
4014 4112
4015 5046
4016 4967
4017 3789
4018 4197
4019 3564
4020 3994
4021 2387
4022 1195
4023 945
4024 837
4025 1585
4026 1243
4027 3976
4028 827
4029 2055
4030 902
4031 2978
4032 1015
4033 2180
4034 3590
4035 2103
4036 1327
4037 2261
4038 3153
4039 2610
4040 1233
4041 1997
4042 942
4043 1058
4044 1319
4045 2054
4046 1936
4047 2648
4048 2905
4049 2264
4050 2564
4051 2555
4052 1985
4053 3261
4054 1157
4055 2050
4056 3141
4057 3086
4058 2136
4059 2744
4060 717
4061 2614
4062 986
4063 2341
4064 2086
4065 1051
4066 4740
4067 3450
4068 1723
4069 2082
4070 6648
4071 6517
4072 5069
4073 2007
4074 1824
4075 1677
4076 2324
4077 1954
4078 4856
4079 4503
4080 640
4081 1582
4082 3002
4083 1726
4084 1731
4085 2030
4086 2338
4087 1963
4088 1986
4089 1834
4090 2531
4091 2595
4092 2045
4093 1819
4094 1723
4095 4335
4096 1811
4097 2600
4098 2063
4099 1524
4100 796
4101 1348
4102 1667
4103 1811
4104 1138
4105 1960
4106 2124
4107 1621
4108 852
4109 1309
4110 1811
4111 2061
4112 886
4113 1758
4114 1770
4115 871
4116 614
4117 938
4118 1615
4119 850
4120 1021
4121 914
4122 749
4123 602
4124 2665
4125 1641
4126 630
4127 834
4128 798
4129 1691
4130 1710
4131 2250
4132 1726
4133 1305
4134 1567
4135 1240
4136 2725
4137 2664
4138 2550
4139 3026
4140 2930
4141 2045
4142 682
4143 1705
4144 1317
4145 1267
4146 1579
4147 489
4148 878
4149 1025
4150 1416
4151 1222
4152 1161
4153 1666
4154 1290
4155 1737
4156 738
4157 1110
4158 473
4159 1870
4160 825
4161 568
4162 1660
4163 1316
4164 2742
4165 773
4166 1441
4167 1112
4168 2084
4169 2039
4170 1159
4171 1974
4172 3848
4173 1112
4174 2364
4175 1449
4176 1197
4177 3478
4178 2250
4179 1075
4180 1728
4181 3527
4182 1514
4183 949
4184 1127
4185 1636
4186 3631
4187 1638
4188 1518
4189 1388
4190 1849
4191 2413
4192 2593
4193 3576
4194 3591
4195 2081
4196 1327
4197 1986
4198 1369
4199 3012
4200 1991
4201 764
4202 1491
4203 1512
4204 2467
4205 3018
4206 119
4207 1859
4208 1747
4209 2778
4210 1399
4211 2637
4212 3178
4213 1393
4214 2618
4215 847
4216 2812
4217 1477
4218 2061
4219 643
4220 1792
4221 2091
4222 1406
4223 343
4224 2643
4225 4019
4226 3331
4227 801
4228 2180
4229 115
4230 1490
4231 1481
4232 2770
4233 1074
4234 1665
4235 1091
4236 2247
4237 4243
4238 2390
4239 4410
4240 3769
4241 2272
4242 1877
4243 1545
4244 132
4245 1545
4246 2094
4247 1579
4248 840
4249 1239
4250 1441
4251 884
4252 1093
4253 1488
4254 2260
4255 3025
4256 831
4257 2800
4258 2433
4259 2672
4260 2122
4261 1417
4262 756
4263 2367
4264 2648
4265 1629
4266 939
4267 1332
4268 820
4269 2387
4270 1457
4271 2631
4272 851
4273 694
4274 793
4275 679
4276 761
4277 791
4278 2151
4279 719
4280 2689
4281 828
4282 1485
4283 2148
4284 2036
4285 1602
4286 1996
4287 1631
4288 1965
4289 2966
4290 2749
4291 1869
4292 881
4293 1958
4294 1725
4295 3756
4296 2042
4297 1979
4298 3058
4299 1428
4300 638
4301 682
4302 2758
4303 1016
4304 460
4305 709
4306 619
4307 569
4308 1115
4309 507
4310 1596
4311 3919
4312 629
4313 740
4314 455
4315 419
4316 404
4317 1215
4318 1027
4319 570
4320 1194
4321 1947
4322 1654
4323 1590
4324 1145
4325 1330
4326 626
4327 634
4328 710
4329 583
4330 576
4331 1038
4332 1403
4333 2028
4334 450
4335 1976
4336 472
4337 1110
4338 1846
4339 2843
4340 2095
4341 1696
4342 1750
4343 1240
4344 1693
4345 1006
4346 1254
4347 294
4348 838
4349 668
4350 1564
4351 1017
4352 1155
4353 786
4354 1027
4355 947
4356 1806
4357 1700
4358 1158
4359 144
4360 2098
4361 267
4362 2022
4363 691
4364 1053
4365 890
4366 511
4367 710
4368 1424
4369 1753
4370 1053
4371 3446
4372 2669
4373 774
4374 1471
4375 2775
4376 1357
4377 1344
4378 1106
4379 2060
4380 727
4381 1884
4382 2343
4383 1450
4384 1561
4385 1184
4386 1355
4387 2435
4388 1718
4389 1506
4390 2245
4391 1109
4392 2309
4393 2550
4394 1240
4395 1827
4396 2213
4397 1810
4398 1216
4399 724
4400 1667
4401 1791
4402 2144
4403 1266
4404 1812
4405 3039
4406 341
4407 969
4408 778
4409 2641
4410 3487
4411 4784
4412 4935
4413 3559
4414 3499
4415 3766
4416 3902
4417 2881
4418 3907
4419 4530
4420 3589
4421 3144
4422 2788
4423 4101
4424 4490
4425 3880
4426 2939
4427 2323
4428 1147
4429 2684
4430 2883
4431 3245
4432 2534
4433 2243
4434 2740
4435 428
4436 2475
4437 2834
4438 2821
4439 3399
4440 2709
4441 1750
4442 2754
4443 2820
4444 2564
4445 2298
4446 1820
4447 1950
4448 2726
4449 2414
4450 2810
4451 1217
4452 1223
4453 1160
4454 1034
4455 953
4456 1224
4457 905
4458 1359
4459 1045
4460 1160
4461 1072
4462 859
4463 1506
4464 1899
4465 215
4466 1627
4467 2408
4468 1913
4469 2803
4470 2163
4471 3799
4472 780
4473 476
4474 961
4475 2788
4476 3082
4477 1727
4478 3584
4479 1173
4480 1169
4481 2678
4482 4445
4483 1623
4484 2439
4485 2790
4486 1763
4487 1992
4488 867
4489 2309
4490 3066
4491 1040
4492 744
4493 1982
4494 1341
4495 2263
4496 128
4497 1263
4498 2911
4499 2403
4500 2772
4501 3987
4502 3547
4503 895
4504 666
4505 809
4506 3076
4507 723
4508 851
4509 1860
4510 2100
4511 782
4512 3343
4513 2995
4514 2429
4515 4628
4516 2909
4517 2491
4518 2640
4519 2509
4520 2773
4521 2705
4522 2754
4523 1890
4524 936
4525 3864
4526 2786
4527 2258
4528 2777
4529 2291
4530 3001
4531 2017
4532 2586
4533 1080
4534 2705
4535 928
4536 3366
4537 2440
4538 1658
4539 1080
4540 935
4541 2377
4542 2693
4543 3477
4544 2112
4545 1234
4546 2738
4547 3136
4548 3524
4549 3023
4550 2355
4551 779
4552 3207
4553 854
4554 2418
4555 655
4556 1285
4557 2319
4558 1705
4559 1378
4560 760
4561 1484
4562 690
4563 1893
4564 2050
4565 3248
4566 1931
4567 2798
4568 2151
4569 1607
4570 2688
4571 2067
4572 1687
4573 2514
4574 737
4575 2721
4576 736
4577 1643
4578 1777
4579 2839
4580 1685
4581 1477
4582 1527
4583 784
4584 1590
4585 2018
4586 876
4587 4033
4588 1047
4589 860
4590 1774
4591 1116
4592 925
4593 1131
4594 1062
4595 944
4596 2015
4597 2989
4598 1629
4599 758
4600 1030
4601 938
4602 902
4603 2233
4604 1080
4605 785
4606 1571
4607 2286
4608 1856
4609 2055
4610 2463
4611 3837
4612 1997
4613 2716
4614 3019
4615 2300
4616 3792
4617 2134
4618 1924
4619 2190
4620 2167
4621 1425
4622 2062
4623 2488
4624 1358
4625 2827
4626 2442
4627 2854
4628 3451
4629 2774
4630 2162
4631 2346
4632 847
4633 874
4634 1233
4635 1250
4636 1224
4637 1130
4638 1196
4639 1255
4640 1500
4641 1223
4642 1492
4643 1216
4644 1344
4645 1173
4646 1074
4647 1073
4648 1114
4649 1150
4650 874
4651 1088
4652 1111
4653 1185
4654 765
4655 1707
4656 1419
4657 713
4658 740
4659 1622
4660 1516
4661 780
4662 2564
4663 2235
4664 3710
4665 1717
4666 2702
4667 2204
4668 1647
4669 555
4670 766
4671 2206
4672 655
4673 1404
4674 1584
4675 796
4676 1676
4677 662
4678 723
4679 685
4680 1775
4681 785
4682 798
4683 781
4684 1732
4685 1971
4686 2047
4687 1944
4688 1135
4689 1857
4690 832
4691 686
4692 843
4693 791
4694 910
4695 648
4696 753
4697 679
4698 864
4699 2323
4700 2168
4701 1725
4702 1817
4703 885
4704 1063
4705 3114
4706 2027
4707 1916
4708 1053
4709 5120
4710 1570
4711 3856
4712 5687
4713 4496
4714 1416
4715 1908
4716 1456
4717 1808
4718 2624
4719 986
4720 3875
4721 4344
4722 1590
4723 2863
4724 2524
4725 3492
4726 1016
4727 1192
4728 644
4729 2026
4730 2005
4731 1223
4732 1136
4733 2292
4734 936
4735 2744
4736 3787
4737 3204
4738 899
4739 2281
4740 1452
4741 2056
4742 1891
4743 2704
4744 3157
4745 4589
4746 993
4747 651
4748 662
4749 1420
4750 3218
4751 3024
4752 2626
4753 1659
4754 2553
4755 218
4756 921
4757 2332
4758 1148
4759 3041
4760 1241
4761 3981
4762 1154
4763 1207
4764 831
4765 832
4766 2072
4767 689
4768 861
4769 2771
4770 2386
4771 1741
4772 2057
4773 812
4774 2947
4775 976
4776 882
4777 744
4778 897
4779 869
4780 810
4781 1576
4782 767
4783 2498
4784 4143
4785 2541
4786 3395
4787 2915
4788 2793
4789 2885
4790 3506
4791 2051
4792 2193
4793 2499
4794 2216
4795 2790
4796 919
4797 3063
4798 389
4799 1195
4800 2069
4801 764
4802 4635
4803 2819
4804 3835
4805 3222
4806 3442
4807 3739
4808 3973
4809 3700
4810 3371
4811 4121
4812 3301
4813 2545
4814 2926
4815 4477
4816 3865
4817 2939
4818 875
4819 1679
4820 862
4821 937
4822 2086
4823 2290
4824 2522
4825 1056
4826 1576
4827 850
4828 894
4829 1080
4830 2013
4831 806
4832 1039
4833 2553
4834 1170
4835 1008
4836 1602
4837 1087
4838 1305
4839 1252
4840 2660
4841 993
4842 2744
4843 2038
4844 1029
4845 3080
4846 3763
4847 2406
4848 3579
4849 680
4850 2404
4851 2075
4852 3909
4853 2649
4854 3078
4855 902
4856 3705
4857 1445
4858 4030
4859 3044
4860 667
4861 1498
4862 1410
4863 1423
4864 2080
4865 2419
4866 2234
4867 1215
4868 496
4869 2096
4870 589
4871 655
4872 604
4873 2026
4874 2034
4875 2387
4876 2015
4877 586
4878 1376
4879 3257
4880 3369
4881 3170
4882 3227
4883 3030
4884 2670
4885 2765
4886 3490
4887 3461
4888 4439
4889 1139
4890 761
4891 517
4892 1541
4893 890
4894 403
4895 2117
4896 1965
4897 751
4898 690
4899 3664
4900 1253
4901 1989
4902 1683
4903 1798
4904 1884
4905 1673
4906 2972
4907 1704
4908 1937
4909 840
4910 1860
4911 3228
4912 926
4913 2725
4914 1074
4915 890
4916 1976
4917 3727
4918 1915
4919 3925
4920 1710
4921 1112
4922 1598
4923 3344
4924 2911
4925 2511
4926 3042
4927 925
4928 3042
4929 769
4930 1520
4931 2629
4932 1391
4933 2017
4934 430
4935 2735
4936 2179
4937 3281
4938 1230
4939 2336
4940 1810
4941 2181
4942 2494
4943 2584
4944 2828
4945 2941
4946 2418
4947 2619
4948 673
4949 2863
4950 1589
4951 1755
4952 4570
4953 1837
4954 2808
4955 2474
4956 2287
4957 472
4958 598
4959 2425
4960 678
4961 1943
4962 543
4963 2207
4964 1825
4965 650
4966 1270
4967 1620
4968 1486
4969 3468
4970 3534
4971 1736
4972 1684
4973 2813
4974 3035
4975 2626
4976 2634
4977 1796
4978 2508
4979 2736
4980 4608
4981 1439
4982 3344
4983 1664
4984 1064
4985 3551
4986 3913
4987 530
4988 1691
4989 1474
4990 1761
4991 2148
4992 1248
4993 835
4994 1737
4995 1652
4996 1886
4997 2070
4998 2789
4999 1644
5000 723
5001 902
5002 2674
5003 593
5004 2344
5005 2489
5006 1694
5007 3276
5008 3571
5009 955
5010 1927
5011 1469
5012 2973
5013 842
5014 3985
5015 901
5016 1395
5017 2224
5018 1065
5019 3365
5020 2527
5021 2028
5022 3187
5023 2069
5024 2202
5025 2607
5026 2784
5027 3226
5028 1651
5029 2558
5030 1802
5031 1709
5032 1528
5033 1599
5034 1991
5035 2225
5036 2385
5037 593
5038 4262
5039 2871
5040 2682
5041 1727
5042 730
5043 1772
5044 3425
5045 1168
5046 2210
5047 672
5048 2390
5049 2829
5050 1649
5051 2206
5052 2055
5053 2444
5054 2500
5055 1613
5056 1730
5057 605
5058 1568
5059 5035
5060 4447
5061 4578
5062 4906
5063 3911
5064 4972
5065 4717
5066 4234
5067 3773
5068 4071
5069 2180
5070 1705
5071 1317
5072 1399
5073 1511
5074 1568
5075 1315
5076 1239
5077 1347
5078 1202
5079 1558
5080 1609
5081 1638
5082 1371
5083 1389
5084 1617
5085 1515
5086 3617
5087 3142
5088 3239
5089 3154
5090 846
5091 2064
5092 3184
5093 3976
5094 1831
5095 2868
5096 4319
5097 1830
5098 2515
5099 3316
5100 1968
5101 2180
5102 3616
5103 2457
5104 2320
5105 5038
5106 2208
5107 2723
5108 3609
5109 2929
5110 2709
5111 4244
5112 3953
5113 3143
5114 3816
5115 5160
5116 5074
5117 4961
5118 3735
5119 3443
5120 1622
5121 2636
5122 3312
5123 1846
5124 2978
5125 2681
5126 1133
5127 2234
5128 2196
5129 2663
5130 1682
5131 2979
5132 2454
5133 3180
5134 3568
5135 3131
5136 3757
5137 3258
5138 2532
5139 3564
5140 2184
5141 3282
5142 2966
5143 2436
5144 3329
5145 2767
5146 2655
5147 2651
5148 2181
5149 3248
5150 1073
5151 4719
5152 3857
5153 932
5154 3352
5155 1113
5156 3302
5157 987
5158 1797
5159 1605
5160 2197
5161 2731
5162 4609
5163 1956
5164 3955
5165 3542
5166 1832
5167 1574
5168 2276
5169 705
5170 2033
5171 2010
5172 706
5173 1593
5174 842
5175 2360
5176 1928
5177 1618
5178 1757
5179 2437
5180 2561
5181 1975
5182 1488
5183 749
5184 2033
5185 2223
5186 1450
5187 2022
5188 2143
5189 752
5190 2387
5191 2312
5192 539
5193 651
5194 1682
5195 1445
5196 2503
5197 1475
5198 1329
5199 638
5200 1416
5201 649
5202 1405
5203 686
5204 2223
5205 640
5206 574
5207 648
5208 2146
5209 1303
5210 1260
5211 559
5212 611
5213 1193
5214 1393
5215 1107
5216 1700
5217 700
5218 2493
5219 2513
5220 3359
5221 2779
5222 3656
5223 2677
5224 3658
5225 3634
5226 2310
5227 2695
5228 2504
5229 3968
5230 2916
5231 2097
5232 3308
5233 4527
5234 3506
5235 1925
5236 3422
5237 2352
5238 2200
5239 3283
5240 2865
5241 2308
5242 2267
5243 2886
5244 2797
5245 1062
5246 2426
5247 1035
5248 968
5249 1066
5250 1445
5251 920
5252 2513
5253 3028
5254 3488
5255 923
5256 1062
5257 2131
5258 2299
5259 1881
5260 2163
5261 959
5262 817
5263 2087
5264 2415
5265 966
5266 923
5267 1023
5268 938
5269 940
5270 1901
5271 2445
5272 2035
5273 1292
5274 817
5275 2638
5276 1013
5277 809
5278 1093
5279 912
5280 2674
5281 2707
5282 2394
5283 4197
5284 3392
5285 4898
5286 3707
5287 1463
5288 3556
5289 3107
5290 2547
5291 2987
5292 4028
5293 3440
5294 3546
5295 2823
5296 3565
5297 3236
5298 3002
5299 3687
5300 4593
5301 4370
5302 2725
5303 2703
5304 2511
5305 2926
5306 1779
5307 3959
5308 2384
5309 3456
5310 3376
5311 3050
5312 3461
5313 3099
5314 2827
5315 2571
5316 2658
5317 3369
5318 3265
5319 2835
5320 3274
5321 1586
5322 3366
5323 4680
5324 2927
5325 2678
5326 2684
5327 2924
5328 2944
5329 2420
5330 2484
5331 2439
5332 1858
5333 987
5334 976
5335 1384
5336 3566
5337 4352
5338 1249
5339 2790
5340 899
5341 1022
5342 2379
5343 1185
5344 1028
5345 1122
5346 1139
5347 4011
5348 1594
5349 1225
5350 1600
5351 2559
5352 2721
5353 2394
5354 1055
5355 1115
5356 4016
5357 4879
5358 2915
5359 4073
5360 2080
5361 3925
5362 2630
5363 3150
5364 3172
5365 2047
5366 2761
5367 3269
5368 3514
5369 3716
5370 1640
5371 113
5372 2264
5373 1240
5374 1254
5375 2682
5376 938
5377 840
5378 1423
5379 1063
5380 1189
5381 411
5382 1410
5383 428
5384 1020
5385 432
5386 829
5387 1020
5388 1687
5389 1368
5390 2170
5391 1165
5392 725
5393 1705
5394 734
5395 715
5396 1922
5397 1220
5398 1368
5399 2330
5400 1146
5401 641
5402 1263
5403 1952
5404 1550
5405 2600
5406 4013
5407 2152
5408 1769
5409 1546
5410 1184
5411 2349
5412 2322
5413 1638
5414 2467
5415 2327
5416 2094
5417 2473
5418 1565
5419 2680
5420 2245
5421 1268
5422 2869
5423 1990
5424 2216
5425 2191
5426 939
5427 2967
5428 1038
5429 1066
5430 3412
5431 1011
5432 843
5433 2187
5434 2287
5435 2073
5436 956
5437 1872
5438 2241
5439 2746
5440 2906
5441 1469
5442 4598
5443 4873
5444 2376
5445 2931
5446 3876
5447 5224
5448 5068
5449 2781
5450 3180
5451 3090
5452 2436
5453 2204
5454 2679
5455 3198
5456 3950
5457 3136
5458 2702
5459 3543
5460 3008
5461 3116
5462 3004
5463 2787
5464 3116
5465 1675
5466 2386
5467 535
5468 3156
5469 2208
5470 838
5471 3623
5472 4915
5473 3382
5474 2145
5475 2112
5476 3648
5477 978
5478 3143
5479 3449
5480 3929
5481 158
5482 3032
5483 1112
5484 762
5485 1826
5486 1106
5487 864
5488 1003
5489 929
5490 461
5491 1369
5492 624
5493 1355
5494 1894
5495 691
5496 1485
5497 1223
5498 1039
5499 1665
5500 878
5501 1322
5502 1089
5503 1378
5504 1509
5505 1048
5506 787
5507 1999
5508 2574
5509 326
5510 1052
5511 1908
5512 2009
5513 1152
5514 2248
5515 493
5516 1744
5517 1524
5518 2478
5519 3353
5520 4780
5521 3634
5522 2937
5523 3803
5524 3866
5525 4390
5526 4153
5527 4863
5528 1816
5529 2965
5530 4784
5531 2737
5532 1758
5533 3525
5534 1629
5535 1572
5536 1676
5537 1727
5538 1644
5539 1548
5540 1882
5541 1751
5542 1693
5543 1701
5544 1447
5545 1461
5546 1796
5547 2145
5548 1541
5549 1408
5550 3273
5551 4131
5552 3808
5553 3690
5554 2526
5555 2026
5556 2004
5557 1486
5558 3129
5559 2183
5560 3475
5561 3564
5562 1733
5563 2839
5564 1597
5565 1979
5566 1088
5567 3552
5568 2706
5569 3154
5570 1003
5571 3262
5572 3058
5573 2241
5574 1802
5575 2550
5576 2866
5577 2392
5578 1161
5579 1112
5580 2638
5581 2127
5582 2177
5583 2177
5584 2111
5585 2599
5586 2191
5587 2978
5588 2041
5589 2643
5590 2423
5591 2142
5592 1950
5593 2410
5594 3025
5595 2707
5596 2648
5597 2350
5598 2878
5599 2794
5600 1926
5601 3026
5602 3300
5603 5302
5604 3354
5605 6070
5606 4938
5607 5136
5608 6698
5609 5772
5610 6103
5611 5036
5612 5022
5613 5905
5614 5554
5615 4011
5616 6599
5617 5362
5618 4896
5619 5151
5620 4619
5621 5679
5622 4700
5623 6119
5624 5163
5625 4897
5626 7533
5627 6039
5628 6700
5629 5952
5630 6546
5631 6288
5632 6069
5633 4841
5634 6038
5635 4484
5636 4374
5637 3815
5638 4126
5639 4407
5640 4626
5641 4164
5642 4618
5643 3916
5644 3952
5645 2941
5646 4242
5647 4937
5648 4648
5649 3797
5650 4772
5651 4271
5652 4263
5653 2871
5654 1564
5655 4013
5656 4652
5657 5227
5658 3277
5659 4324
5660 4491
5661 5025
5662 4476
5663 4213
5664 4613
5665 4802
5666 4840
5667 4054
5668 5781
5669 5167
5670 5271
5671 4925
5672 4756
5673 5301
5674 4561
5675 4986
5676 4758
5677 5175
5678 4792
5679 4721
5680 4877
5681 5516
5682 5627
5683 5220
5684 4704
5685 5011
5686 4861
5687 5100
5688 5974
5689 4790
5690 5525
5691 5408
5692 4837
5693 3009
5694 3777
5695 3483
5696 4315
5697 2880
5698 3412
5699 2708
5700 3915
5701 4173
5702 3580
5703 3157
5704 3664
5705 4061
5706 4368
5707 4800
5708 3978
5709 4060
5710 4917
5711 4514
5712 3419
5713 4402
5714 4339
5715 3028
5716 3415
5717 3583
5718 3781
5719 3018
5720 4296
5721 3981
5722 4536
5723 3660
5724 3744
5725 2811
5726 4283
5727 4254
5728 3919
5729 4353
5730 3362
5731 3899
5732 3496
5733 4529
5734 4134
5735 3758
5736 4914
5737 4318
5738 3892
5739 4328
5740 4462
5741 4628
5742 3891
5743 4760
5744 3810
5745 4453
5746 3883
5747 7805
5748 4977
5749 4386
5750 4708
5751 4315
5752 4220
5753 590
5754 4529
5755 3875
5756 4853
5757 2162
5758 982
5759 3007
5760 2732
5761 2885
5762 2576
5763 2786
5764 3560
5765 2638
5766 2715
5767 2913
5768 2547
5769 2646
5770 2713
5771 3212
5772 4325
5773 5317
5774 3239
5775 3983
5776 3166
5777 4278
5778 1713
5779 5179
5780 2653
5781 2751
5782 2465
5783 4928
5784 1595
5785 6510
5786 921
5787 4504
5788 1688
5789 2523
5790 45
5791 593
5792 4436
5793 4632
5794 1626
5795 1011
5796 262
5797 1087
5798 3684
5799 2991
5800 2649
5801 1509
5802 2275
5803 988
5804 908
5805 847
5806 1036
5807 932
5808 1726
5809 1845
5810 2769
5811 1124
5812 705
5813 551
5814 3262
5815 811
5816 1484
5817 2579
5818 976
5819 2845
5820 2096
5821 2162
5822 1451
5823 1855
5824 530
5825 2172
5826 2103
5827 854
5828 1542
5829 5691
5830 4228
5831 4877
5832 5921
5833 5340
5834 5430
5835 4290
5836 4252
5837 5021
5838 5279
5839 5568
5840 5155
5841 5172
5842 5967
5843 5294
5844 4822
5845 5463
5846 4742
5847 6341
5848 5663
5849 4163
5850 4082
5851 3674
5852 4922
5853 4723
5854 4454
5855 4546
5856 3958
5857 1509
5858 1088
5859 2433
5860 1000
5861 878
5862 983
5863 1351
5864 2129
5865 3010
5866 1804
5867 2817
5868 1034
5869 2027
5870 946
5871 666
5872 4301
5873 950
5874 572
5875 1599
5876 1526
5877 2192
5878 4229
5879 1524
5880 2597
5881 3694
5882 1773
5883 1323
5884 864
5885 1958
5886 1905
5887 901
5888 1553
5889 2475
5890 3183
5891 1922
5892 851
5893 778
5894 825
5895 2982
5896 3442
5897 297
5898 914
5899 389
5900 1074
5901 2563
5902 1082
5903 730
5904 972
5905 4700
5906 4642
5907 4571
5908 5183
5909 4451
5910 4261
5911 4521
5912 4351
5913 3790
5914 3371
5915 5218
5916 5589
5917 5892
5918 5854
5919 5107
5920 5142
5921 7168
5922 8229
5923 6654
5924 5119
5925 5257
5926 6888
5927 7475
5928 4169
5929 6329
5930 6066
5931 5105
5932 7102
5933 5432
5934 5780
5935 6124
5936 4353
5937 5920
5938 5528
5939 5397
5940 4235
5941 4553
5942 5966
5943 5442
5944 5456
5945 5214
5946 3374
5947 4368
5948 4209
5949 4541
5950 3031
5951 4331
5952 4556
5953 4145
5954 5052
5955 4475
5956 5727
5957 5197
5958 5058
5959 5524
5960 5471
5961 5613
5962 5980
5963 6430
5964 5662
5965 4717
5966 5513
5967 5985
5968 6047
5969 4651
5970 4229
5971 5627
5972 6106
5973 5981
5974 5126
5975 4223
5976 4540
5977 4486
5978 4843
5979 4729
5980 3900
5981 4920
5982 4819
5983 4747
5984 5216
5985 4502
5986 4214
5987 5389
5988 4338
5989 3575
5990 4813
5991 4282
5992 4875
5993 4646
5994 5184
5995 4082
5996 3274
5997 5818
5998 4358
5999 3555
6000 3982
6001 6959
6002 7520
6003 7129
6004 6588
6005 6939
6006 7200
6007 4951
6008 6984
6009 6709
6010 6711
6011 7435
6012 6258
6013 5321
6014 5460
6015 4757
6016 4991
6017 4659
6018 5219
6019 5040
6020 4866
6021 5062
6022 4565
6023 5073
6024 5027
6025 4743
6026 5452
6027 4541
6028 4564
6029 5100
6030 5526
6031 4555
6032 4733
6033 5200
6034 5000
6035 5301
6036 5352
6037 4682
6038 4521
6039 4721
6040 5025
6041 4366
6042 4981
6043 4931
6044 3666
6045 4909
6046 4957
6047 4494
6048 4679
6049 5381
6050 4562
6051 4395
6052 4159
6053 4540
6054 4101
6055 4642
6056 5000
6057 4628
6058 4642
6059 4484
6060 4917
6061 6001
6062 4835
6063 4355
6064 4329
6065 4909
6066 4441
6067 3925
6068 5526
6069 4605
6070 4769
6071 5559
6072 4603
6073 4884
6074 4953
6075 4417
6076 4382
6077 5065
6078 5124
6079 4626
6080 4797
6081 3974
6082 3785
6083 4731
6084 4747
6085 4883
6086 4814
6087 4811
6088 4410
6089 4515
6090 4411
6091 4608
6092 5152
6093 4631
6094 5746
6095 5254
6096 5963
6097 4307
6098 4384
6099 4175
6100 4725
6101 8944
6102 3871
6103 3144
6104 2074
6105 5047
6106 3525
6107 6146
6108 9222
6109 8546
6110 2007
6111 9647
6112 4492
6113 3825
6114 5867
6115 4315
6116 6810
6117 8737
6118 3918
6119 4977
6120 8125
6121 2751
6122 3514
6123 6689
6124 3568
6125 7854
6126 3220
6127 5696
6128 4012
6129 3109
6130 7799
6131 2932
6132 2225
6133 3290
6134 5432
6135 3500
6136 10408
6137 8147
6138 2512
6139 4738
6140 3593
6141 8652
6142 3597
6143 2580
6144 6265
6145 5972
6146 6417
6147 6366
6148 5186
6149 6570
6150 6609
6151 4438
6152 4081
6153 4264
6154 4274
6155 4855
6156 3959
6157 3791
6158 4451
6159 4312
6160 3498
6161 3947
6162 4089
6163 3977
6164 3335
6165 4331
6166 4081
6167 3725
6168 4956
6169 4010
6170 3662
6171 4711
6172 4623
6173 4403
6174 4771
6175 4979
6176 7907
6177 3020
6178 4336
6179 4681
6180 2561
6181 8391
6182 8445
6183 2959
6184 2931
6185 1397
6186 4812
6187 8203
6188 6448
6189 5577
6190 2398
6191 3930
6192 7602
6193 7557
6194 3934
6195 4063
6196 3821
6197 7592
6198 3218
6199 7302
6200 3851
6201 2795
6202 8927
6203 3797
6204 4647
6205 4266
6206 3703
6207 4768
6208 4564
6209 4445
6210 4800
6211 4304
6212 4104
6213 3288
6214 4055
6215 4328
6216 3267
6217 6191
6218 6004
6219 4441
6220 5646
6221 5353
6222 6238
6223 1778
6224 4202
6225 6020
6226 8715
6227 4404
6228 5240
6229 7404
6230 5164
6231 6066
6232 4794
6233 4195
6234 2707
6235 4138
6236 5025
6237 8470
6238 4384
6239 5056
6240 4620
6241 4970
6242 4757
6243 5073
6244 4384
6245 5070
6246 4833
6247 4109
6248 4813
6249 4788
6250 4607
6251 4469
6252 5258
6253 4466
6254 3819
6255 4795
6256 4410
6257 4338
6258 4562
6259 4167
6260 4960
6261 3799
6262 4314
6263 4730
6264 4680
6265 5228
6266 4838
6267 6007
6268 4800
6269 4445
6270 4282
6271 5022
6272 5611
6273 6281
6274 4506
6275 5099
6276 5914
6277 5596
6278 5499
6279 5702
6280 5416
6281 4594
6282 4950
6283 5238
6284 5829
6285 5601
6286 5600
6287 5923
6288 4751
6289 5751
6290 4635
6291 5125
6292 5834
6293 6079
6294 4442
6295 4673
6296 4192
6297 3889
6298 4384
6299 4313
6300 3246
6301 4308
6302 4365
6303 4288
6304 4892
6305 4432
6306 4265
6307 4819
6308 7138
6309 8267
6310 6614
6311 6958
6312 6699
6313 8122
6314 7473
6315 6584
6316 7706
6317 7683
6318 6838
6319 6445
6320 8031
6321 8175
6322 7020
6323 10361
6324 6944
6325 7449
6326 8082
6327 6766
6328 7592
6329 7765
6330 6796
6331 7373
6332 7376
6333 6656
6334 7251
6335 6357
6336 1341
6337 4240
6338 4015
6339 4949
6340 4620
6341 6800
6342 4266
6343 3858
6344 4823
6345 4048
6346 3532
6347 4376
6348 4242
6349 3803
6350 2833
6351 543
6352 4133
6353 3820
6354 3494
6355 2740
6356 4896
6357 3304
6358 3286
6359 5857
6360 3725
6361 4693
6362 4753
6363 4330
6364 4418
6365 4329
6366 4266
6367 3490
6368 4188
6369 4339
6370 4512
6371 3863
6372 3937
6373 3710
6374 3648
6375 4193
6376 3047
6377 4412
6378 4677
6379 4542
6380 3573
6381 4033
6382 3155
6383 2753
6384 2812
6385 3720
6386 3266
6387 2161
6388 3040
6389 2925
6390 3700
6391 2896
6392 3306
6393 3237
6394 2860
6395 2951
6396 3224
6397 3226
6398 2702
6399 3017
6400 4168
6401 5117
6402 7710
6403 7323
6404 5384
6405 6011
6406 7466
6407 5919
6408 4985
6409 5982
6410 6310
6411 4817
6412 6031
6413 6523
6414 7439
6415 4331
6416 6554
6417 8745
6418 7275
6419 7577
6420 8341
6421 9340
6422 6182
6423 6389
6424 5850
6425 2020
6426 6573
6427 7186
6428 7535
6429 4133
6430 6741
6431 8041
6432 7207
6433 7291
6434 4754
6435 6890
6436 7636
6437 4441
6438 6045
6439 5402
6440 6754
6441 6326
6442 4910
6443 6309
6444 5286
6445 4699
6446 6411
6447 6648
6448 5617
6449 4024
6450 5319
6451 3337
6452 4222
6453 3909
6454 3830
6455 3274
6456 3821
6457 3486
6458 3342
6459 3489
6460 3888
6461 3212
6462 3376
6463 1211
6464 375
6465 304
6466 375
6467 306
6468 246
6469 4708
6470 375
6471 306
6472 356
6473 279
6474 202
6475 122
6476 484
6477 306
6478 1579
6479 491
6480 324
6481 1053
6482 342
6483 289
6484 643
6485 490
6486 380
6487 523
6488 495
6489 5122
6490 3726
6491 4202
6492 3449
6493 4394
6494 4063
6495 3852
6496 4056
6497 3745
6498 4583
6499 3585
6500 3407
6501 3910
6502 4561
6503 3564
6504 4775
6505 5064
6506 7409
6507 6564
6508 6410
6509 6257
6510 5520
6511 5448
6512 5446
6513 5457
6514 5967
6515 5865
6516 5684
6517 5855
6518 5210
6519 5428
6520 6572
6521 5284
6522 5581
6523 6276
6524 5793
6525 6927
6526 4856
6527 5733
6528 6504
6529 5763
6530 7770
6531 6458
6532 5900
6533 6068
6534 5485
6535 4089
6536 7207
6537 9666
6538 6337
6539 5488
6540 8321
6541 6237
6542 5654
6543 7313
6544 6076
6545 8399
6546 3550
6547 5292
6548 7194
6549 4448
6550 5548
6551 5694
6552 5676
6553 4642
6554 8978
6555 3548
6556 3804
6557 4309
6558 6967
6559 6477
6560 8360
6561 6295
6562 7782
6563 6935
6564 7773
6565 6454
6566 6800
6567 7226
6568 6561
6569 6904
6570 7213
6571 6715
6572 7452
6573 7050
6574 6861
6575 6033
6576 7969
6577 6799
6578 7654
6579 5036
6580 8512
6581 7483
6582 7565
6583 6984
6584 7070
6585 6104
6586 7351
6587 3632
6588 8104
6589 3770
6590 4644
6591 7801
6592 5149
6593 4145
6594 5025
6595 6167
6596 5705
6597 5670
6598 6051
6599 4223
6600 5807
6601 4845
6602 5565
6603 6016
6604 4210
6605 4364
6606 4479
6607 4235
6608 4808
6609 4788
6610 4955
6611 4963
6612 5221
6613 3875
6614 7625
6615 4418
6616 4538
6617 4127
6618 4132
6619 4288
6620 6474
6621 7875
6622 7487
6623 6329
6624 5699
6625 5022
6626 6083
6627 6244
6628 6748
6629 6869
6630 5517
6631 4977
6632 7458
6633 5256
6634 4978
6635 6483
6636 6531
6637 5341
6638 4483
6639 7244
6640 6631
6641 6760
6642 6694
6643 5005
6644 7063
6645 4822
6646 5649
6647 6768
6648 6206
6649 6082
6650 4678
6651 4619
6652 4817
6653 4958
6654 4884
6655 9460
6656 8972
6657 9609
6658 9794
6659 10250
6660 9990
6661 10343
6662 8471
6663 9111
6664 8451
6665 8578
6666 7458
6667 9355
6668 9047
6669 8974
6670 10326
6671 8063
6672 9111
6673 6339
6674 5122
6675 6998
6676 6937
6677 5994
6678 6017
6679 5380
6680 6380
6681 5479
6682 6854
6683 6884
6684 6549
6685 5674
6686 6532
6687 6959
6688 5832
6689 6461
6690 7206
6691 5183
6692 5476
6693 6095
6694 3272
6695 4247
6696 3843
6697 3536
6698 3866
6699 3749
6700 3865
6701 3955
6702 3102
6703 3302
6704 7942
6705 4926
6706 6693
6707 4938
6708 6535
6709 5390
6710 4269
6711 4966
6712 5103
6713 7075
6714 4792
6715 3339
6716 3976
6717 5652
6718 4468
6719 3416
6720 4656
6721 3867
6722 5280
6723 3671
6724 4993
6725 5709
6726 4553
6727 4637
6728 5011
6729 4667
6730 4684
6731 7156
6732 7006
6733 3436
6734 6308
6735 7524
6736 7031
6737 4088
6738 6827
6739 3970
6740 7118
6741 3744
6742 6839
6743 6391
6744 6628
6745 5552
6746 7485
6747 7950
6748 6027
6749 6534
6750 5995
6751 6558
6752 7873
6753 8338
6754 7195
6755 6769
6756 6706
6757 7629
6758 8003
6759 8015
6760 7916
6761 6965
6762 7501
6763 7468
6764 6029
6765 6690
6766 6638
6767 10229
6768 10160
6769 8879
6770 8787
6771 10078
6772 9705
6773 8368
6774 8195
6775 7655
6776 9898
6777 7380
6778 9320
6779 10539
6780 8347
6781 7204
6782 6543
6783 5841
6784 4927
6785 7328
6786 7157
6787 8157
6788 6453
6789 6423
6790 5709
6791 7079
6792 5407
6793 5614
6794 6688
6795 6169
6796 5756
6797 5164
6798 4698
6799 6063
6800 6052
6801 6169
6802 4109
6803 5560
6804 2074
6805 4805
6806 2994
6807 3467
6808 3868
6809 5641
6810 6227
6811 5490
6812 2703
6813 5125
6814 3957
6815 4548
6816 4417
6817 6173
6818 3854
6819 4684
6820 4075
6821 5040
6822 4420
6823 5270
6824 4463
6825 4157
6826 3663
6827 5847
6828 5483
6829 4454
6830 4207
6831 5076
6832 9230
6833 9801
6834 9756
6835 7196
6836 10054
6837 6149
6838 7982
6839 6351
6840 10359
6841 9015
6842 7552
6843 7788
6844 7620
6845 7353
6846 5977
6847 7412
6848 6940
6849 6848
6850 7649
6851 7005
6852 4427
6853 4527
6854 4991
6855 5952
6856 5316
6857 4398
6858 5124
6859 8273
6860 5502
6861 10669
6862 4403
6863 4380
6864 6025
6865 8330
6866 4407
6867 6356
6868 5890
6869 6131
6870 4449
6871 5317
6872 9851
6873 8544
6874 4953
6875 5963
6876 5115
6877 4632
6878 4443
6879 6200
6880 6164
6881 6262
6882 4917
6883 10548
6884 6140
6885 10125
6886 5082
6887 6338
6888 5457
6889 5447
6890 4124
6891 9216
6892 6924
6893 4994
6894 4579
6895 4707
6896 4724
6897 4782
6898 4616
6899 4164
6900 4329
6901 4545
6902 6979
6903 6419
6904 5678
6905 5839
6906 5411
6907 6347
6908 6315
6909 5154
6910 4612
6911 6768
6912 5669
6913 5916
6914 5631
6915 8563
6916 6602
6917 5673
6918 7386
6919 6976
6920 5063
6921 5554
6922 5031
6923 5203
6924 5121
6925 5214
6926 2933
6927 5266
6928 5327
6929 4365
6930 5261
6931 4569
6932 4935
6933 5596
6934 5637
6935 5743
6936 4610
6937 4695
6938 5140
6939 6931
6940 5162
6941 4786
6942 6146
6943 4739
6944 5663
6945 4649
6946 5805
6947 5427
6948 6499
6949 5313
6950 4590
6951 5559
6952 5315
6953 11581
6954 10324
6955 10243
6956 10388
6957 10965
6958 6552
6959 7809
6960 7773
6961 10106
6962 10927
6963 10058
6964 5868
6965 9765
6966 10953
6967 10097
6968 10526
6969 7724
6970 8481
6971 8255
6972 7474
6973 5983
6974 4065
6975 5641
6976 5731
6977 5247
6978 5131
6979 5368
6980 5663
6981 4855
6982 5208
6983 6430
6984 5328
6985 5299
6986 7070
6987 5981
6988 5568
6989 5833
6990 5633
6991 3543
6992 7055
6993 5697
6994 3157
6995 5747
6996 4836
6997 4754
6998 6252
6999 4820
7000 6480
7001 8423
7002 6692
7003 5599
7004 6686
7005 4510
7006 5036
7007 3108
7008 4920
7009 3708
7010 6878
7011 4953
7012 4396
7013 8358
7014 5078
7015 5118
7016 8894
7017 4559
7018 4946
7019 4664
7020 6867
7021 5487
7022 4259
7023 5846
7024 5149
7025 4726
7026 4988
7027 6894
7028 4826
7029 5378
7030 5784
7031 4297
7032 5048
7033 6050
7034 4305
7035 6017
7036 5582
7037 4804
7038 4644
7039 8192
7040 6020
7041 4757
7042 4863
7043 9495
7044 4855
7045 6793
7046 5171
7047 5078
7048 5932
7049 7906
7050 7537
7051 4365
7052 4812
7053 7314
7054 6421
7055 5370
7056 4826
7057 4329
7058 8751
7059 4373
7060 7453
7061 5138
7062 4345
7063 6587
7064 5828
7065 7174
7066 4683
7067 3997
7068 6946
7069 6202
7070 6703
7071 5061
7072 4469
7073 6491
7074 3572
7075 6875
7076 4430
7077 4144
7078 6642
7079 4536
7080 7709
7081 4993
7082 5601
7083 6888
7084 2665
7085 8925
7086 5475
7087 5847
7088 9438
7089 6907
7090 7328
7091 9049
7092 5546
7093 5252
7094 5662
7095 7693
7096 7738
7097 6037
7098 7499
7099 4763
7100 6210
7101 8588
7102 5850
7103 5685
7104 7137
7105 6985
7106 6578
7107 5103
7108 5119
7109 5633
7110 4868
7111 4220
7112 5666
7113 6152
7114 7762
7115 7148
7116 6590
7117 5961
7118 7497
7119 7510
7120 6341
7121 5308
7122 7200
7123 5309
7124 3754
7125 5287
7126 2936
7127 3552
7128 12432
7129 7925
7130 5654
7131 3018
7132 7546
7133 5250
7134 6597
7135 4193
7136 6191
7137 4241
7138 6067
7139 4468
7140 4105
7141 5766
7142 4818
7143 4073
7144 4204
7145 4540
7146 3965
7147 3828
7148 5213
7149 4095
7150 6477
7151 4188
7152 4807
7153 6575
7154 5739
7155 5539
7156 5186
7157 7542
7158 4972
7159 5800
7160 5005
7161 5301
7162 6776
7163 7215
7164 5316
7165 5240
7166 6732
7167 3572
7168 6455
7169 6297
7170 5963
7171 7280
7172 7179
7173 3868
7174 6371
7175 5290
7176 6916
7177 6528
7178 7238
7179 5314
7180 5596
7181 6025
7182 5154
7183 7185
7184 6058
7185 6823
7186 6797
7187 6541
7188 5544
7189 5569
7190 4129
7191 6085
7192 5580
7193 6442
7194 5306
7195 4931
7196 5116
7197 3945
7198 5909
7199 4787
7200 5042
7201 7173
7202 6992
7203 4241
7204 3503
7205 5237
7206 6686
7207 3865
7208 8794
7209 5962
7210 5787
7211 6745
7212 4747
7213 5929
7214 6298
7215 5106
7216 5478
7217 6232
7218 5017
7219 6044
7220 1306
7221 1424
7222 1778
7223 1080
7224 1692
7225 867
7226 803
7227 831
7228 1940
7229 709
7230 1088
7231 829
7232 589
7233 888
7234 503
7235 395
7236 764
7237 794
7238 1401
7239 632
7240 1171
7241 1347
7242 642
7243 1863
7244 1172
7245 1311
7246 1302
7247 1227
7248 2995
7249 1598
7250 1168
7251 2082
7252 640
7253 647
7254 691
7255 580
7256 1209
7257 1221
7258 785
7259 786
7260 851
7261 1481
7262 1850
7263 1256
7264 2003
7265 607
7266 989
7267 696
7268 1317
7269 2567
7270 2573
7271 989
7272 920
7273 1213
7274 852
7275 1157
7276 716
7277 1156
7278 1272
7279 918
7280 1384
7281 955
7282 803
7283 1931
7284 758
7285 987
7286 937
7287 1487
7288 1309
7289 1194
7290 796
7291 818
7292 1028
7293 546
7294 1820
7295 811
7296 1269
7297 1225
7298 1218
7299 844
7300 651
7301 1822
7302 943
7303 838
7304 1960
7305 984
7306 2087
7307 1512
7308 1036
7309 1812
7310 1095
7311 441
7312 624
7313 537
7314 349
7315 338
7316 570
7317 777
7318 702
7319 1154
7320 865
7321 467
7322 908
7323 211
7324 329
7325 737
7326 992
7327 2507
7328 589
7329 779
7330 1731
7331 1238
7332 1620
7333 1113
7334 470
7335 721
7336 665
7337 690
7338 602
7339 704
7340 886
7341 716
7342 1468
7343 1007
7344 1143
7345 983
7346 680
7347 1277
7348 1279
7349 652
7350 988
7351 582
7352 1730
7353 1233
7354 868
7355 837
7356 971
7357 678
7358 585
7359 921
7360 1144
7361 709
7362 653
7363 1034
7364 844
7365 684
7366 1558
7367 1793
7368 1176
7369 949
7370 1129
7371 1629
7372 1856
7373 701
7374 948
7375 814
7376 651
7377 663
7378 484
7379 937
7380 512
7381 638
7382 706
7383 278
7384 656
7385 643
7386 599
7387 822
7388 646
7389 538
7390 451
7391 728
7392 864
7393 407
7394 257
7395 540
7396 438
7397 835
7398 651
7399 873
7400 410
7401 657
7402 436
7403 709
7404 603
7405 1286
7406 282
7407 1285
7408 503
7409 604
7410 714
7411 429
7412 527
7413 631
7414 297
7415 636
7416 447
7417 492
7418 417
7419 456
7420 546
7421 875
7422 541
7423 773
7424 508
7425 242
7426 401
7427 533
7428 388
7429 952
7430 467
7431 537
7432 403
7433 515
7434 740
7435 549
7436 636
7437 673
7438 295
7439 499
7440 612
7441 657
7442 768
7443 368
7444 344
7445 705
7446 584
7447 369
7448 524
7449 488
7450 650
7451 882
7452 987
7453 1072
7454 606
7455 864
7456 483
7457 522
7458 674
7459 424
7460 923
7461 561
7462 826
7463 718
7464 734
7465 764
7466 876
7467 673
7468 618
7469 908
7470 659
7471 414
7472 731
7473 676
7474 677
7475 537
7476 1635
7477 1444
7478 700
7479 520
7480 1313
7481 1430
7482 1599
7483 1296
7484 475
7485 1941
7486 548
7487 2362
7488 478
7489 814
7490 643
7491 966
7492 665
7493 1285
7494 681
7495 676
7496 402
7497 440
7498 1015
7499 354
7500 768
7501 422
7502 569
7503 860
7504 461
7505 643
7506 338
7507 632
7508 805
7509 600
7510 736
7511 444
7512 710
7513 764
7514 782
7515 653
7516 853
7517 602
7518 266
7519 728
7520 530
7521 812
7522 853
7523 782
7524 2526
7525 1349
7526 1949
7527 1416
7528 1971
7529 532
7530 358
7531 981
7532 1160
7533 2252
7534 702
7535 408
7536 530
7537 481
7538 1042
7539 410
7540 484
7541 431
7542 407
7543 246
7544 926
7545 667
7546 646
7547 597
7548 527
7549 492
7550 555
7551 289
7552 246
7553 772
7554 449
7555 346
7556 469
7557 390
7558 781
7559 267
7560 757
7561 722
7562 810
7563 816
7564 890
7565 403
7566 426
7567 949
7568 715
7569 710
7570 2930
7571 1422
7572 1553
7573 2501
7574 3355
7575 1694
7576 1655
7577 2179
7578 2246
7579 2279
7580 1927
7581 267
7582 402
7583 479
7584 765
7585 850
7586 905
7587 698
7588 871
7589 1065
7590 2614
7591 1534
7592 2503
7593 2765
7594 4853
7595 1301
7596 646
7597 5267
7598 1094
7599 1265
7600 2098
7601 1780
7602 978
7603 1088
7604 1975
7605 902
7606 2316
7607 1400
7608 1137
7609 5154
7610 1484
7611 1104
7612 2802
7613 3452
7614 2755
7615 5254
7616 1382
7617 1015
7618 2161
7619 1336
7620 1837
7621 2210
7622 2509
7623 1199
7624 882
7625 1401
7626 1176
7627 2202
7628 2392
7629 930
7630 2070
7631 3905
7632 3352
7633 1270
7634 871
7635 711
7636 1930
7637 1416
7638 1671
7639 2378
7640 1533
7641 715
7642 2965
7643 720
7644 1536
7645 2063
7646 1293
7647 2361
7648 1709
7649 855
7650 2674
7651 1378
7652 2211
7653 4831
7654 3184
7655 2666
7656 2055
7657 1909
7658 388
7659 3666
7660 1212
7661 1611
7662 670
7663 871
7664 1351
7665 3209
7666 859
7667 814
7668 1602
7669 1727
7670 1385
7671 704
7672 1851
7673 1081
7674 5369
7675 710
7676 886
7677 1464
7678 3870
7679 764
7680 1920
7681 1729
7682 451
7683 492
7684 1255
7685 2398
7686 1871
7687 1150
7688 3157
7689 1383
7690 572
7691 601
7692 716
7693 508
7694 504
7695 548
7696 992
7697 370
7698 834
7699 850
7700 742
7701 677
7702 772
7703 542
7704 1004
7705 1191
7706 725
7707 673
7708 755
7709 1733
7710 1175
7711 863
7712 927
7713 739
7714 721
7715 3341
7716 2950
7717 2937
7718 2563
7719 3240
7720 3331
7721 2543
7722 1695
7723 4720
7724 1126
7725 3183
7726 2789
7727 2213
7728 2723
7729 4146
7730 3580
7731 2162
7732 645
7733 1401
7734 2695
7735 2456
7736 1279
7737 1194
7738 671
7739 694
7740 762
7741 1893
7742 792
7743 1492
7744 1358
7745 1340
7746 1658
7747 1126
7748 2060
7749 2305
7750 6490
7751 855
7752 1642
7753 4140
7754 6626
7755 548
7756 1610
7757 1888
7758 3169
7759 663
7760 1580
7761 1614
7762 1532
7763 1097
7764 2148
7765 658
7766 983
7767 642
7768 508
7769 2161
7770 2097
7771 3055
7772 618
7773 701
7774 492
7775 1171
7776 2593
7777 1014
7778 2379
7779 1374
7780 1496
7781 1519
7782 283
7783 2370
7784 2459
7785 802
7786 1298
7787 2026
7788 654
7789 764
7790 674
7791 654
7792 846
7793 643
7794 476
7795 712
7796 815
7797 888
7798 1420
7799 966
7800 2204
7801 378
7802 5062
7803 1322
7804 1762
7805 741
7806 446
7807 7663
7808 3513
7809 2132
7810 1341
7811 2286
7812 2756
7813 1189
7814 1913
7815 761
7816 1259
7817 4340
7818 839
7819 1905
7820 541
7821 1795
7822 5770
7823 2337
7824 3391
7825 847
7826 431
7827 5078
7828 2441
7829 946
7830 1937
7831 533
7832 1081
7833 3996
7834 1074
7835 782
7836 927
7837 918
7838 6596
7839 2788
7840 4806
7841 2085
7842 1998
7843 1969
7844 4124
7845 896
7846 821
7847 988
7848 2880
7849 7619
7850 953
7851 1046
7852 541
7853 923
7854 3870
7855 695
7856 1953
7857 1000
7858 1715
7859 6024
7860 955
7861 657
7862 2689
7863 1011
7864 3595
7865 765
7866 901
7867 1037
7868 2959
7869 5798
7870 2314
7871 1869
7872 2451
7873 867
7874 1835
7875 640
7876 1474
7877 2064
7878 1248
7879 2309
7880 1635
7881 634
7882 1846
7883 377
7884 2352
7885 1473
7886 1382
7887 3772
7888 2343
7889 3382
7890 987
7891 1125
7892 5406
7893 2304
7894 1654
7895 1140
7896 898
7897 1756
7898 1474
7899 1123
7900 958
7901 1296
7902 1527
7903 732
7904 815
7905 1375
7906 1750
7907 1857
7908 1906
7909 761
7910 1135
7911 2192
7912 571
7913 1796
7914 1320
7915 1630
7916 1518
7917 1349
7918 2063
7919 2291
7920 1480
7921 1347
7922 1517
7923 1733
7924 716
7925 997
7926 3774
7927 984
7928 6388
7929 1182
7930 1763
7931 922
7932 6323
7933 720
7934 886
7935 1085
7936 2323
7937 429
7938 639
7939 859
7940 4355
7941 786
7942 870
7943 1409
7944 4987
7945 1209
7946 680
7947 1013
7948 2974
7949 315
7950 613
7951 546
7952 7837
7953 842
7954 830
7955 5528
7956 2136
7957 945
7958 1392
7959 3880
7960 1445
7961 819
7962 1723
7963 1869
7964 1097
7965 2207
7966 1102
7967 563
7968 588
7969 329
7970 2480
7971 1036
7972 1682
7973 860
7974 466
7975 1102
7976 1174
7977 1605
7978 2183
7979 1657
7980 891
7981 1979
7982 1203
7983 1132
7984 1200
7985 2014
7986 1654
7987 2766
7988 511
7989 277
7990 336
7991 457
7992 685
7993 392
7994 957
7995 303
7996 779
7997 483
7998 965
7999 715
8000 307
8001 724
8002 424
8003 468
8004 640
8005 709
8006 803
8007 482
8008 540
8009 685
8010 1023
8011 370
8012 347
8013 255
8014 431
8015 371
8016 734
8017 611
8018 774
8019 635
8020 355
8021 555
8022 269
8023 496
8024 282
8025 360
8026 297
8027 1056
8028 303
8029 694
8030 624
8031 533
8032 360
8033 836
8034 560
8035 444
8036 467
8037 344
8038 1166
8039 818
8040 998
8041 742
8042 621
8043 359
8044 814
8045 648
8046 762
8047 617
8048 1230
8049 1233
8050 626
8051 713
8052 500
8053 567
8054 1162
8055 854
8056 680
8057 315
8058 830
8059 309
8060 606
8061 1160
8062 2544
8063 2704
8064 1517
8065 1334
8066 1671
8067 1861
8068 1916
8069 3084
8070 2503
8071 1216
