1 435
2 1174
3 790
4 939
5 1738
6 1018
7 1432
8 946
9 1416
10 1387
11 1334
12 1615
13 1168
14 1019
15 1352
16 943
17 801
18 1738
19 1082
20 945
21 1020
22 1138
23 829
24 1650
25 744
26 1823
27 864
28 1090
29 897
30 1090
31 1468
32 1811
33 2038
34 1071
35 1390
36 1742
37 922
38 845
39 1461
40 964
41 1308
42 1726
43 1336
44 1240
45 990
46 1396
47 1389
48 1331
49 1218
50 1287
51 1273
52 2296
53 1326
54 1214
55 407
56 1072
57 824
58 1288
59 971
60 1734
61 2560
62 1890
63 1858
64 1669
65 1508
66 1457
67 839
68 1183
69 959
70 837
71 811
72 855
73 917
74 879
75 3434
76 828
77 923
78 1239
79 660
80 1013
81 1533
82 839
83 812
84 1391
85 1578
86 1197
87 3921
88 3556
89 4213
90 7394
91 5127
92 4792
93 3313
94 3685
95 2919
96 3270
97 4960
101 1457
102 1053
103 1342
104 1021
105 760
106 1285
107 987
108 1573
109 1391
110 1965
111 1435
112 1576
113 1598
114 881
115 1258
116 898
117 1256
118 1336
119 957
120 1764
121 980
122 1182
123 727
124 1024
125 1353
126 990
127 1149
128 843
129 632
130 1316
131 976
132 1686
133 845
134 1104
135 735
136 766
137 1674
138 2100
139 956
140 723
141 821
142 713
143 807
144 1657
145 889
146 978
147 1420
148 817
149 1379
150 961
151 1015
152 1052
153 1757
154 1042
155 1021
156 1109
157 1144
158 1946
159 1232
160 1021
161 1929
162 1136
163 782
164 1562
165 1684
166 1205
167 920
168 1090
169 1237
170 1446
171 1440
172 1016
173 1030
174 2012
175 864
176 1968
177 2848
178 634
179 1424
180 996
181 1292
182 933
183 1027
184 1226
185 1126
186 1051
187 2240
188 867
189 1071
190 2597
191 923
192 1152
193 880
194 957
195 1386
196 890
197 1019
198 1243
199 1067
200 1377
201 1521
202 1225
203 1873
204 980
205 1731
206 1622
207 984
208 891
209 1534
210 1996
211 1042
212 812
213 1174
214 986
215 1479
216 803
217 773
218 908
219 891
220 706
221 1446
222 1370
223 1342
224 1178
225 1235
226 1446
227 1084
228 3650
229 7522
230 3917
231 5360
232 7128
233 4877
235 1121
236 1117
237 876
238 1146
239 1402
240 1251
241 1567
242 1630
243 1574
244 1349
245 922
246 1361
247 1103
248 1098
249 983
250 1079
251 880
252 1226
253 1527
254 1293
255 959
256 920
257 910
258 1133
259 935
260 1172
261 1115
262 1926
263 835
264 1049
265 1322
266 1634
267 1278
268 1197
269 2242
270 1651
271 849
272 1120
273 978
274 803
275 759
276 1466
277 959
278 876
279 1101
280 1098
281 791
282 1229
283 887
284 776
285 812
286 871
287 1076
288 561
289 737
290 655
291 1388
292 5887
293 3667
294 11018
295 5482
298 1647
299 1358
300 1115
301 1414
302 1062
303 1502
304 1317
305 857
306 1055
307 693
308 846
309 917
310 1264
311 1107
312 980
313 913
314 907
315 2398
316 1245
317 1597
318 1264
319 681
320 1823
321 1260
322 787
323 1564
324 1216
325 900
326 1123
327 1442
328 2053
329 6509
330 4404
331 12024
332 5657
333 3827
334 4716
335 4550
336 3478
337 4203
338 1350
339 1409
340 2026
341 959
342 1400
343 1329
344 1055
345 779
346 1080
347 1158
348 1601
349 810
350 1507
351 1015
352 1907
353 859
354 1035
355 1239
356 1542
357 1864
358 1553
359 1138
360 824
361 1332
362 892
363 715
364 871
365 1350
366 6085
367 3463
368 4927
369 3743
370 1155
371 1054
372 1189
373 1141
374 1947
375 1010
376 951
377 1008
378 841
379 1173
380 1099
381 750
382 1270
383 936
384 843
385 1185
386 834
387 2404
388 898
389 731
390 906
391 1516
392 917
393 561
394 816
395 1137
396 1399
397 896
398 1424
399 1338
400 1945
401 1338
402 1018
403 762
404 917
405 1713
406 1221
407 1219
408 1660
409 1603
410 1461
411 1338
412 1074
413 1004
414 1193
415 1598
416 1673
417 1117
418 1040
419 877
420 1091
421 894
422 1730
423 2263
424 5717
425 4668
426 3641
427 5496
428 7360
429 6737
430 4019
431 8130
432 5519
433 6230
434 4452
435 2666
436 4262
437 4099
439 1343
440 1218
441 874
442 1100
443 1112
444 1072
445 1328
446 996
447 1369
448 1041
449 1796
450 945
451 1405
452 2078
453 1455
454 1760
455 1676
456 1873
457 1144
458 878
459 965
460 1758
461 1558
462 1262
463 1579
464 1032
465 1443
466 640
467 7331
468 3479
469 3985
470 6099
471 4097
473 1095
474 1112
475 1056
476 865
477 1138
478 765
479 967
480 983
481 886
482 748
483 1305
484 934
485 1663
486 1816
487 1465
488 1020
489 1709
490 1173
491 3255
492 744
493 740
494 960
495 846
496 1653
497 2865
498 6122
499 5235
500 6486
502 796
503 783
504 774
505 1562
506 1156
507 953
508 1629
509 793
510 1702
511 1222
512 1109
513 946
514 1905
515 1601
516 911
517 1515
518 871
519 862
520 1384
521 1845
522 7075
523 3469
524 3694
525 4778
527 1074
528 1348
529 1877
530 1062
531 1100
532 1144
533 1600
534 1163
535 1473
536 1580
537 990
538 1983
539 958
540 904
541 1569
542 2134
543 689
544 3425
545 3293
546 4225
548 1706
549 1300
550 931
551 1694
552 1813
553 1478
554 1456
555 916
556 679
557 8179
558 8954
559 5482
560 1630
561 1225
562 601
563 1021
564 868
565 760
566 571
567 7435
568 6995
569 6140
570 4835
574 2287
575 1216
576 1050
577 1133
578 1163
579 1512
580 1893
581 4549
582 5927
583 4399
584 1001
585 1453
586 795
587 1731
588 1431
589 7000
590 5955
591 3507
592 1377
593 700
594 1862
595 1357
596 1134
597 886
598 1691
599 1173
600 2062
601 1131
602 1669
603 844
604 928
605 2427
606 2225
607 772
608 742
609 983
610 912
611 5289
613 1719
614 796
615 1078
616 1708
617 1067
618 1308
619 684
620 1061
621 1212
622 334
623 4695
624 4443
625 9073
626 8205
627 2827
628 4179
629 6053
630 4991
633 5984
634 1614
635 1428
636 1178
637 1410
638 1651
639 1593
640 1424
641 1337
642 1874
643 811
644 5764
645 8915
646 5963
647 5986
648 4344
649 11378
650 13171
651 3757
652 922
653 1479
654 984
655 1448
656 1263
657 1751
658 936
659 981
660 1317
661 882
662 865
663 2022
664 5757
665 791
666 992
667 1086
668 995
669 1525
670 1519
671 1942
672 1490
673 252
674 4389
675 2639
676 4793
677 4599
680 1012
681 1052
682 1978
683 794
684 1281
685 660
686 2364
687 849
688 886
689 811
690 1786
691 1509
692 3611
693 3971
694 3830
695 4084
696 5894
697 7409
698 4666
699 3228
700 6099
702 1014
703 806
704 1691
705 5712
706 4510
707 3587
708 3740
709 4662
711 1578
712 1219
713 571
714 2273
715 894
716 1249
717 1226
718 3731
719 4935
720 3417
721 5930
722 5553
723 3473
724 4111
725 5956
726 7166
727 1645
728 1647
729 932
730 1407
731 1818
732 799
733 5440
734 6526
735 7282
736 2317
737 3823
738 4235
739 6140
740 13876
741 3260
742 7307
745 918
746 894
747 1263
748 1128
749 921
750 1267
751 1178
752 1367
753 778
754 1771
755 1926
756 1361
757 1175
758 1513
759 1494
760 1501
761 8015
762 2678
763 4627
764 5074
765 3503
766 699
767 759
768 828
769 982
770 797
771 1090
772 1746
773 1119
774 922
775 795
776 824
777 1021
778 898
779 903
780 797
781 943
782 970
783 875
784 526
785 924
786 731
787 961
788 1063
789 1117
790 723
791 804
792 2358
793 659
794 1039
795 5180
796 11096
797 812
798 813
799 874
800 1475
801 901
802 917
803 6173
804 7308
805 3250
806 6009
811 4946
812 894
813 730
814 588
815 875
816 1430
817 812
818 642
819 1526
820 1481
821 4671
822 2883
823 5269
824 5101
826 926
827 1722
828 766
829 808
830 4336
831 2642
832 3039
833 3520
834 6395
836 8697
837 697
838 610
839 643
840 1039
841 1007
842 2044
843 696
844 841
845 4459
846 4849
847 4578
850 3381
851 1256
852 1450
853 877
854 5001
855 541
856 1154
857 625
858 3922
859 2710
860 3023
861 4031
864 3800
865 3592
866 3318
867 6514
869 936
870 1135
871 1550
872 1629
873 712
874 1137
875 6114
876 4726
877 7499
878 1116
879 1269
880 8939
881 4658
883 6205
884 3840
885 5188
886 901
887 1385
888 2565
889 3649
890 5798
891 1340
892 931
893 7288
894 5008
895 3135
896 752
897 5105
898 3729
900 3914
901 1274
902 7725
903 5109
904 4023
906 1425
907 7328
908 4779
909 1242
910 3492
911 3062
912 4168
913 4795
914 2916
915 3578
916 2514
917 5047
921 11034
922 2676
923 6577
924 1593
925 3470
926 3541
927 811
928 7854
929 15669
930 4504
931 6865
932 4360
933 1620
934 1022
935 1624
936 1883
937 3202
938 5520
939 4288
943 5092
944 3600
947 1063
948 3418
949 4174
950 5638
951 4575
953 1512
954 1080
955 4344
956 5338
957 7503
958 5980
959 823
960 712
961 4376
962 9875
963 4895
964 1059
965 4045
966 12600
967 3827
968 1719
969 914
970 4936
971 3222
972 3181
973 3998
975 4576
976 6033
977 5722
978 4539
979 5987
980 4355
982 939
983 5086
985 972
986 807
987 5584
988 5989
989 5924
990 1738
991 1059
992 1337
993 1274
994 9375
995 1824
997 1542
998 6523
1001 1470
1002 5969
1003 2611
1005 1714
1006 4636
1007 5118
1008 1095
1009 12959
1010 4626
1011 4278
1012 2021
1013 5565
1014 3603
1015 3867
1016 1089
1017 1698
1018 2339
1019 1145
1020 1665
1021 1755
1022 1331
1023 1746
1024 5270
1026 866
1027 1714
1028 1353
1029 913
1030 1328
1031 1643
1032 1625
1033 1942
1034 1484
1035 1951
1036 1881
1037 1217
1038 9334
1039 6187
1040 3672
1041 3487
1042 1402
1043 1061
1044 2446
1046 1565
1047 1513
1048 1226
1049 4587
1050 4871
1051 5473
1053 1572
1054 921
1055 1001
1056 1615
1057 1399
1058 1407
1059 1447
1060 4606
1061 3078
1062 5404
1063 3906
1064 5004
1065 4737
1066 1328
1067 1540
1068 1801
1069 4749
1070 3706
1073 1461
1074 5065
1075 5077
1076 5533
1077 1549
1078 1495
1079 1155
1080 4715
1081 5838
1082 4581
1083 5202
1084 4666
1085 3621
1086 6572
1088 973
1089 3901
1090 6966
1091 4913
1092 5771
1093 7991
1096 1135
1097 860
1098 985
1099 4504
1100 3897
1101 881
1102 1147
1103 8009
1104 5606
1105 4529
1106 4805
1108 922
1109 7047
1110 4063
1111 1108
1112 8079
1113 4422
1114 3972
1115 5295
1116 1481
1117 1586
1118 5197
1119 5036
1121 7665
1122 4668
1123 6080
1124 4303
1125 3888
1126 5493
1127 5825
1130 1171
1131 1088
1132 1379
1133 1869
1134 3276
1135 2668
1136 6013
1137 4987
1138 4276
1140 966
1141 1416
1142 4402
1143 2384
1145 5076
1146 1480
1147 4577
1148 4348
1149 3616
1150 5456
1151 3450
1152 5269
1153 3692
1154 5518
1155 704
1156 6160
1157 5554
1159 7614
1160 3296
1161 5744
1162 6902
1163 3975
1164 1741
1165 1354
1166 4628
1167 8618
1168 3353
1169 5748
1170 1211
1171 6625
1172 3259
1173 3094
1174 4361
1175 5029
1176 860
1177 860
1178 924
1179 888
1180 5724
1181 2949
1182 6188
1183 4003
1184 1026
1185 1012
1186 4321
1187 6283
1188 1653
1189 1241
1190 1327
1191 5061
1192 3722
1193 3490
1194 4129
1195 3462
1196 5647
1197 3067
1198 1433
1199 1115
1200 3425
1201 5399
1202 5125
1203 4369
1204 3975
1205 1810
1206 1249
1207 4487
1208 4475
1209 907
1210 8886
1211 1030
1212 3293
1213 10065
1214 9390
1215 7035
1216 4253
1217 4268
1218 3340
1219 3526
1220 7253
1221 991
1222 4961
1223 2884
1226 1158
1227 1287
1228 957
1229 898
1230 3977
1231 9937
1232 5824
1233 4283
1235 1373
1236 3381
1237 5805
1238 718
1239 3109
1240 4599
1241 4230
1242 1226
1243 7348
1244 3409
1246 4181
1247 5484
1248 5812
1249 3508
1251 1108
1252 2725
1253 8776
1254 945
1255 1676
1256 3191
1257 3838
1258 4821
1259 1312
1260 4767
1261 8041
1262 6472
1264 7460
1265 1272
1266 684
1267 6714
1268 5395
1269 2244
1270 5309
1271 4553
1274 4493
1275 3626
1276 5049
1277 5238
1278 5106
1279 5020
1280 5553
1281 5087
1282 1206
1283 8179
1284 6428
1285 4771
1286 3425
1288 6342
1289 9895
1290 1508
1291 715
1292 4423
1293 1444
1295 6512
1296 7528
1298 5100
1299 3208
1300 855
1301 937
1302 2627
1303 5246
1304 3003
1306 908
1307 902
1308 931
1309 869
1310 1231
1311 4108
1312 4296
1314 5327
1317 854
1318 5395
1319 3952
1321 1291
1322 5443
1323 3570
1324 1225
1325 6990
1326 15502
1328 1373
1329 1211
1330 8823
1331 2827
1334 877
1335 1487
1336 988
1337 1501
1338 4063
1339 886
1340 3163
1341 4928
1342 4672
1343 758
1344 884
1345 900
1346 1463
1347 1595
1348 3388
1349 5377
1350 5051
1352 1366
1353 3644
1354 4364
1356 1725
1358 968
1359 5589
1360 6196
1361 3286
1363 1097
1364 1998
1365 7598
1366 5361
1368 6868
1369 4096
1370 5910
1371 1718
1372 7145
1373 4693
1374 5136
1375 4220
1378 3020
1379 809
1380 1341
1381 2762
1382 7190
1383 5380
1384 6294
1385 4153
1386 1164
1387 894
1388 5370
1389 7020
1390 4702
1391 8908
1392 7446
1393 3613
1394 4800
1395 4196
1397 3671
1398 3723
1399 11535
1400 4545
1401 4556
1402 4981
1404 5550
1406 2807
1407 3345
1408 4765
1409 4435
1410 5697
1411 3960
1412 6474
1413 3390
1414 6556
1415 4653
1416 5022
1417 5967
1418 2902
1419 4416
1420 6839
1421 9462
1422 4582
1424 5109
1425 4578
1426 5670
1427 4399
1434 1016
1435 4722
1436 4312
1437 5123
1438 6954
1439 4447
1441 5182
1442 4991
1443 5187
1445 8522
1446 7421
1447 4141
1448 682
1449 1426
1450 1043
1451 1002
1452 3728
1453 5659
1454 3386
1455 4154
1456 4810
1457 4406
1458 5677
1459 3359
1460 1398
1463 5185
1464 4018
1465 4837
1466 5534
1467 3521
1468 4067
1469 6332
1470 3555
1471 3877
1472 5304
1473 5152
1474 4225
1475 3561
1476 5555
1477 3668
1478 3637
1479 3124
1482 1425
1483 1369
1484 5477
1485 5083
1486 4654
1488 3939
1489 4842
1490 4222
1491 4506
1492 5339
1493 3318
1494 20074
1495 5137
1496 4066
1497 4929
1498 923
1499 4526
1500 4804
1501 6383
1502 3057
1503 4108
1504 8329
1505 3965
1506 4685
1507 942
1508 3565
1509 3376
1510 5569
1511 10458
1512 4134
1513 3073
1514 7408
1515 3420
1516 8682
1518 3601
1519 1035
1520 5627
1521 4551
1522 992
1523 976
1524 867
1525 3759
1526 1380
1527 3278
1528 2853
1529 5321
1530 6139
1531 12429
1532 7091
1533 3315
1534 4502
1537 6777
1538 6855
1539 4507
1540 3859
1541 4899
1542 6020
1544 4062
1545 3837
1546 3321
1547 5791
1548 6034
1549 7976
1550 3493
1551 3381
1553 4735
1554 3447
1555 4729
1556 7274
1557 5681
1558 5266
1560 7977
1561 6611
1562 4537
1563 4063
1564 5131
1565 3700
1566 3538
1567 845
1568 4686
1569 9535
1570 3904
1571 5369
1572 4310
1574 3759
1576 3781
1577 6383
1579 6346
1580 3748
1581 4590
1582 4167
1583 4694
1584 4037
1585 4548
1586 506
1587 5001
1588 3604
1589 4229
1591 853
1592 6323
1593 4964
1594 5376
1595 5881
1596 3363
1597 5334
1598 4891
1599 7344
1600 4959
1601 4132
1603 7899
1604 7212
1606 4273
1607 4055
1608 2746
1609 2817
1610 4129
1611 6469
1613 4568
1614 3789
1615 8025
1616 3691
1617 5518
1618 3413
1619 3766
1620 3661
1621 5016
1622 4136
1623 1845
1624 4727
1625 5136
1626 5049
1627 5790
1628 6594
1629 5776
1631 5010
1632 5625
1633 3476
1634 6296
1635 5368
1636 5295
1637 6229
1639 4714
1640 7184
1641 4084
1642 8786
1643 6488
1644 5600
1645 2853
1646 5095
1647 4003
1648 9727
1649 3017
1650 6167
1651 7275
1652 6078
1654 4569
1656 3413
1657 2951
1658 3669
1659 3905
1660 4431
1662 4022
1663 6048
1664 4436
1665 5030
1666 1054
1667 5314
1668 3991
1672 4625
1673 3410
1674 4581
1676 2608
1678 3867
1679 9012
1680 3444
1683 5498
1684 1372
1685 7351
1688 6059
1689 6258
1690 2639
1691 1175
1692 1066
1693 7963
1694 2501
1695 4743
1696 1152
1697 4228
1699 5628
1700 3771
1701 4772
1702 2676
1703 4130
1704 7011
1705 5307
1706 3728
1707 4391
1709 5538
1710 3431
1711 2799
1712 3425
1713 3097
1714 6392
1715 6597
1716 6382
1717 3845
1718 1694
1719 4076
1720 7141
1721 6219
1722 4747
1723 4249
1724 6907
1725 5750
1726 4277
1727 4021
1728 4071
1729 4399
1730 5248
1732 3223
1733 4929
1734 4415
1735 6938
1736 4938
1737 5746
1738 7313
1739 4750
1740 4337
1741 1283
1742 4950
1743 6734
1744 627
1745 7577
1747 3746
1748 5331
1749 4741
1750 3536
1751 5569
1752 4557
1753 5590
1754 6986
1757 3951
1758 14698
1759 2997
1760 4063
1761 3001
1762 6018
1763 4129
1764 5425
1766 4076
1767 5607
1768 3389
1769 5649
1770 4546
1771 2177
1774 1789
1777 655
1778 4539
1780 3418
1781 5285
1783 3183
1784 3075
1785 4648
1786 5175
1789 3181
1791 4656
1792 4025
1793 4287
1794 4245
1795 5124
1796 3447
1797 4871
1798 4145
1799 4094
1800 5888
1801 4126
1802 3507
1804 4256
1805 9091
1806 4869
1807 4082
1808 6118
1809 5967
1810 4187
1811 4823
1812 9696
1813 6084
1814 3576
1815 2746
1816 5076
1818 3191
1819 3364
1820 6863
1821 3081
1822 5431
1823 2702
1826 4198
1827 5416
1830 5247
1831 5243
1832 4250
1835 3675
1836 2885
1838 7988
1839 5075
1840 5093
1841 5198
1842 3281
1843 3767
1844 3766
1845 5489
1846 3834
1847 3244
1848 5736
1849 5036
1851 6295
1853 4505
1854 3797
1855 3189
1856 4955
1857 4683
1858 5389
1859 7530
1860 4512
1861 3802
1862 8200
1863 3536
1864 3291
1866 6107
1867 4936
1868 4796
1870 670
1871 1777
1872 870
1873 3617
1874 2837
1875 8131
1876 3775
1877 4249
1878 5321
1879 6692
1880 4038
1881 3973
1884 6265
1885 3222
1886 4193
1887 1420
1888 1716
1889 597
1890 6174
1891 4057
1893 9756
1894 1474
1895 5036
1896 2130
1897 8824
1899 3970
1900 2512
1901 755
1902 1767
1903 5145
1904 3733
1905 3961
1906 7902
1907 5499
1908 3355
1909 4848
1910 3804
1911 4892
1912 4541
1915 3593
1916 4799
1917 4376
1918 3911
1919 8456
1920 4545
1921 4735
1922 3196
1923 3812
1924 4762
1925 4932
1926 3392
1927 4602
1928 3300
1929 1937
1930 3465
1931 8648
1933 6561
1934 5300
1935 5627
1936 5794
1937 3752
1938 7272
1939 3895
1940 2754
1941 1206
1942 2774
1944 11828
1945 2924
1946 842
1947 3475
1948 3601
1949 4600
1952 915
1953 8871
1954 3897
1955 11051
1956 3719
1957 5038
1958 5450
1959 3073
1960 4753
1961 2665
1962 3841
1963 4347
1964 3274
1965 1150
1966 2772
1967 741
1968 1052
1969 4510
1970 8192
1971 3567
1972 5105
1974 6385
1975 3526
1976 5708
1977 10003
1978 3364
1979 5846
1980 4896
1981 5841
1982 3128
1983 9723
1984 6018
1985 5583
1986 3775
1987 4741
1988 3668
1989 2814
1990 6297
1991 6139
1992 6489
1993 3814
1994 4358
1995 4756
1996 4818
1997 4900
1998 3624
1999 3669
2000 4574
2002 4070
2003 3195
2005 3581
2006 2722
2007 6836
2008 4752
2009 4527
2011 7028
2012 4055
2013 4775
2014 3051
2015 4618
2016 4105
2018 4866
2019 5210
2020 4549
2021 6777
2022 3519
2023 3447
2024 3842
2025 3559
2028 3884
2029 3446
2030 3553
2031 4298
2032 4146
2033 5454
2034 4667
2035 4270
2036 4563
2037 3511
2039 3818
2041 4105
2042 1014
2043 6576
2044 4867
2045 5712
2047 7090
2049 5180
2050 5771
2051 5925
2052 3801
2053 4526
2054 4597
2055 5999
2056 3142
2058 3024
2059 5520
2060 5316
2061 4486
2062 3978
2063 4520
2064 4702
2065 8925
2067 1704
2068 950
2069 4294
2072 1252
2075 3308
2077 822
2078 2231
2079 901
2080 1858
2081 3031
2082 3667
2083 6344
2084 8868
2085 3795
2086 4198
2087 3938
2088 4757
2089 5265
2090 5325
2091 7433
2092 3148
2093 3047
2094 7653
2095 3713
2096 6302
2099 1156
2100 3871
2102 2938
2103 4508
2105 3530
2106 5883
2107 4746
2108 5873
2109 4042
2110 5269
2111 5715
2113 4381
2114 2550
2116 3118
2117 3841
2120 3999
2121 4079
2123 4167
2124 3058
2125 3147
2126 4629
2127 4254
2128 6178
2129 3750
2130 6386
2132 3808
2133 2613
2134 6032
2135 6640
2136 5468
2137 3807
2138 4353
2139 3116
2140 4661
2141 4606
2142 5427
2143 3869
2145 5228
2146 3328
2147 3797
2148 6151
2149 5983
2150 6832
2152 5369
2153 3304
2154 3822
2155 6441
2156 4611
2157 3727
2158 3285
2160 3554
2161 4894
2162 4378
2163 3330
2164 3712
2165 5781
2166 5143
2168 4170
2169 2472
2170 6476
2172 2689
2173 5744
2174 6060
2175 7518
2176 4041
2178 3661
2180 3348
2181 3790
2182 2873
2183 5205
2184 2766
2185 7821
2186 5429
2187 4615
2188 3215
2189 6038
2191 5225
2192 6493
2193 3370
2194 4992
2196 6070
2197 4574
2198 4624
2199 5752
2200 3941
2201 3533
2202 5438
2203 6037
2204 5409
2205 3882
2206 4522
2207 7862
2208 5181
2209 5429
2210 2383
2211 5499
2212 5233
2213 4970
2214 4748
2215 3169
2216 3107
2217 4458
2218 3356
2220 7157
2221 4043
2222 3907
2224 4837
2225 4803
2226 3686
2227 5140
2228 5416
2229 3362
2230 5200
2231 3260
2232 2664
2233 5040
2234 4828
2235 4408
2236 4232
2237 3782
2238 3192
2239 5310
2240 4487
2241 11162
2242 3760
2243 4656
2244 4264
2245 5759
2246 6712
2247 3755
2248 6042
2249 4037
2250 3792
2251 4719
2252 3593
2253 2864
2254 2818
2255 4923
2256 4283
2257 3098
2258 2625
2259 4437
2260 5605
2261 4841
2263 4811
2264 3629
2265 5856
2266 3057
2269 4038
2270 8709
2271 5163
2272 3163
2273 4776
2274 3622
2275 3673
2276 5911
2277 5294
2278 1373
2279 5076
2280 4634
2281 3276
2282 3015
2283 3477
2284 4394
2285 2635
2287 4657
2288 3630
2289 4195
2290 6719
2291 7049
2292 2603
2293 5140
2294 5957
2295 4957
2296 3818
2297 3796
2298 8993
2300 3560
2301 5197
2302 6299
2303 6047
2304 4299
2305 5559
2306 3817
2307 4857
2308 4160
2309 4631
2310 4652
2311 3141
2312 4284
2314 4138
2315 5034
2316 7659
2317 4994
2318 6977
2320 5063
2321 5524
2322 5570
2323 8678
2324 5130
2326 3851
2327 2831
2328 3772
2329 5113
2330 4651
2331 4493
2333 8261
2334 4719
2336 2688
2337 4816
2338 3794
2339 4678
2340 4931
2341 4327
2342 6386
2343 3189
2344 6735
2345 3925
2346 5869
2347 4959
2348 5458
2349 5036
2350 4376
2351 9353
2352 7168
2353 4212
2354 9529
2355 5427
2356 4655
2358 3251
2359 3331
2360 3452
2361 5581
2362 4085
2363 4336
2364 3476
2365 4893
2366 2828
2367 4526
2368 7733
2369 2856
2370 5834
2371 3777
2372 4271
2373 3629
2374 5668
2375 5220
2376 5646
2377 4872
2378 4174
2379 5477
2380 4269
2381 5433
2382 5004
2383 3210
2385 3890
2386 5600
2387 3731
2389 4502
2390 4171
2391 3807
2392 8555
2393 3099
2394 4456
2395 5355
2396 4632
2399 3345
2400 4051
2401 7042
2403 5133
2404 5305
2405 5563
2406 3110
2407 4089
2408 3546
2409 6206
2410 4028
2411 3900
2412 5240
2413 4787
2415 3465
2416 3163
2417 2509
2418 6204
2420 4503
2421 4899
2422 6252
2423 7257
2425 3978
2426 4784
2428 2764
2429 4997
2430 4731
2431 6611
2432 3560
2436 4389
2437 7298
2438 3611
2439 3047
2440 7798
2442 4096
2443 3694
2444 3822
2445 3580
2447 4807
2448 4184
2449 3407
2450 4627
2451 5492
2452 4409
2453 5924
2454 4477
2455 5471
2456 3871
2457 8085
2458 5300
2459 6243
2460 6857
2461 3297
2462 5179
2463 3369
2465 7687
2466 5608
2467 2983
2468 3181
2469 3950
2470 4854
2471 3666
2472 4594
2473 4487
2474 6384
2475 3285
2477 4221
2478 6365
2479 4582
2480 5522
2481 4981
2482 3677
2483 4052
2484 3997
2485 5220
2486 3960
2487 11963
2488 3767
2489 4874
2490 5024
2491 5849
2492 4857
2493 3910
2494 5283
2495 4395
2496 4312
2497 5606
2498 5050
2499 6357
2500 4704
2501 4360
2502 7557
2504 4118
2505 4544
2508 3348
2509 4006
2510 5342
2511 3186
2513 4268
2514 6930
2516 4320
2517 3413
2518 4116
2519 5394
2520 4433
2521 4672
2522 4498
2523 6229
2524 3319
2525 3368
2526 2831
2528 4201
2529 3304
2530 4353
2531 5571
2532 2759
2533 5726
2534 4796
2535 4133
2536 2941
2537 3301
2539 3898
2540 4342
2541 8686
2542 3410
2543 6669
2544 3967
2545 3257
2546 2657
2547 6311
2548 5492
2549 3971
2550 3110
2551 3169
2552 5433
2553 5014
2554 6058
2555 3691
2557 4348
2558 6461
2559 3780
2560 3458
2561 5420
2562 3997
2563 6242
2564 4189
2565 4289
2566 4586
2567 4014
2569 4222
2570 5277
2571 4696
2572 3034
2573 2964
2574 2904
2575 3797
2576 5052
2577 4928
2578 4333
2580 4434
2581 6023
2582 6675
2583 5255
2584 2508
2585 4939
2586 3470
2588 4425
2589 4258
2590 4570
2591 3417
2592 7704
2594 6765
2596 3589
2597 4775
2598 5834
2602 6675
2603 4294
2605 3521
2606 4150
2607 4661
2608 5568
2611 4888
2612 3939
2613 6025
2614 7570
2615 3232
2616 2376
2617 3016
2618 3791
2619 8843
2620 4906
2621 4103
2622 2985
2625 5914
2626 3998
2627 3848
2628 4301
2629 3350
2630 5903
2631 5831
2632 4431
2633 6789
2634 4137
2635 5607
2637 6871
2638 5833
2639 3609
2640 9123
2641 5258
2642 3678
2643 3363
2644 5706
2645 6863
2647 8876
2648 3791
2649 3385
2650 3353
2651 3666
2653 3870
2654 3767
2655 4555
2656 4518
2657 3483
2660 2339
2662 6136
2663 3892
2664 3959
2665 5972
2666 4862
2667 5180
2668 3973
2669 4626
2670 4286
2672 4574
2673 3146
2674 6526
2675 4200
2676 4744
2677 5514
2678 5518
2679 5256
2680 3175
2681 8176
2682 3804
2683 3880
2684 3739
2685 3067
2687 3829
2688 4760
2689 4887
2690 3979
2691 5291
2692 7959
2693 4026
2694 4310
2695 8116
2696 5799
2697 3535
2698 4456
2699 7208
2700 4368
2701 3922
2702 3840
2703 3671
2705 3438
2706 3227
2707 4552
2708 4390
2709 4583
2711 10214
2712 5368
2713 4208
2714 5386
2715 4724
2716 6162
2717 2034
2718 3977
2719 9168
2720 8435
2721 5685
2722 3855
2724 4201
2725 4997
2726 6343
2727 4481
2729 3395
2730 5078
2731 3962
2733 4222
2734 6851
2735 3577
2736 5387
2737 5621
2739 9922
2740 2604
2741 4167
2742 8317
2743 2666
2744 6801
2745 4324
2746 6412
2747 4180
2748 5985
2749 5566
2750 3447
2751 4220
2752 3616
2753 4742
2754 4950
2755 3593
2756 3740
2757 4015
2758 6401
2759 13310
2760 4282
2761 6236
2762 4146
2763 4063
2765 4996
2766 2407
2767 4303
2768 3538
2770 8071
2771 3510
2772 3354
2773 2982
2774 3469
2775 2870
2776 9345
2777 9140
2778 5951
2779 4491
2780 3695
2781 4642
2782 5494
2783 5143
2784 4933
2785 5958
2786 4446
2787 3606
2788 4268
2789 3630
2790 7443
2791 4365
2792 4402
2793 5477
2794 6247
2795 5023
2796 4361
2797 8176
2798 4379
2799 3773
2800 3082
2801 5524
2802 3685
2803 4519
2804 2488
2805 3429
2806 3488
2807 5787
2808 2746
2809 4878
2810 5019
2811 5209
2814 4330
2815 4617
2816 3098
2817 3053
2818 4280
2821 3416
2822 4595
2823 5566
2824 5233
2825 3461
2826 6016
2828 6421
2829 4018
2833 3265
2835 3797
2836 6159
2837 4645
2839 5195
2840 3378
2841 4258
2842 4603
2843 5198
2844 5072
2845 2931
2846 6693
2847 4910
2848 6160
2849 4079
2850 4150
2851 6517
2852 4328
2853 5434
2854 2691
2855 4226
2856 5282
2857 3376
2858 3926
2859 3827
2860 4274
2861 3410
2862 5489
2863 3714
2864 3796
2865 3056
2866 5308
2867 8026
2868 4110
2869 2432
2870 3124
2871 5551
2872 3110
2874 4316
2878 3724
2879 6517
2882 6295
2883 4392
2885 1212
2886 3334
2887 6460
2888 3997
2889 3689
2890 3262
2891 3728
2892 3433
2893 4046
2896 6199
2897 4950
2898 5976
2899 4929
2900 3850
2901 4140
2902 4925
2903 3757
2904 6752
2905 4495
2906 4970
2907 4599
2908 4407
2909 5515
2913 6219
2914 6691
2915 4361
2916 11473
2917 4710
2918 5910
2919 3894
2920 5075
2921 4167
2922 5181
2923 6467
2924 4243
2925 5792
2926 5120
2927 3739
2928 5039
2929 4999
2930 5192
2931 5715
2932 5519
2933 5739
2934 4284
2935 5900
2936 4872
2937 4685
2938 6722
2939 6851
2940 5583
2941 3830
2942 6857
2943 5589
2944 3323
2945 4300
2946 3063
2947 4315
2948 6060
2949 5837
2950 4764
2951 3543
2952 6570
2953 4314
2954 4565
2955 5391
2956 5973
2957 2809
2958 5091
2959 4530
2960 3731
2961 2756
2962 5458
2963 2656
2964 4018
2965 6022
2966 7889
2967 3971
2968 4148
2969 5762
2970 5146
2971 6700
2972 4942
2973 4600
2974 7556
2975 5117
2976 8946
2977 4621
2978 5147
2979 3578
2980 3731
2981 3265
2982 3702
2983 4272
2984 3368
2985 3868
2986 3825
2987 4088
2988 4492
2989 5457
2990 4890
2991 3990
2992 3675
2993 4784
2994 3091
2995 4512
2996 6188
2997 4407
2998 6929
2999 4777
3000 4192
3001 5473
3002 5504
3003 5498
3004 7075
3005 5385
3006 7234
3007 4026
3008 5696
3009 4358
3010 3316
3011 6512
3012 3479
3013 6045
3014 4504
3015 4646
3016 5967
3017 6138
3018 4921
3019 4978
3020 4541
3021 4107
3022 5254
3023 5847
3024 3862
3025 3690
3026 7516
3027 5308
3028 9917
3029 7351
3030 5188
3031 6133
3032 5006
3033 4998
3034 5774
3035 5189
3036 7049
3037 5208
3038 5871
3039 3381
3040 5098
3041 3813
3042 3810
3043 4366
3044 3540
3045 6883
3046 6450
3047 5486
3048 4615
3049 5467
3050 3622
3051 2841
3052 3203
3053 7176
3054 6482
3055 4795
3056 4822
3057 5480
3058 5991
3059 6189
3060 3688
3061 4055
3062 4408
3063 3793
3064 6220
3065 3432
3066 8536
3067 4928
3068 3359
3069 5211
3070 4929
3071 4404
3072 5077
3073 4006
3074 4223
3075 5765
3076 3702
3077 4685
3078 5251
3079 4438
3080 4098
3081 5985
3082 3959
3083 3039
3084 5478
3085 4059
3086 3557
3087 3215
3088 3201
3089 3456
3090 4075
3091 4089
3092 4113
3093 3090
3094 3055
3095 2386
3096 3687
3097 4610
3098 4717
3099 4722
3100 3674
3101 4571
3102 4331
3103 5898
3104 6454
3108 5277
3109 5236
3110 3728
3111 6634
3112 8077
3113 8093
3114 5762
3115 4202
3116 7024
3117 5582
3118 5177
3119 5570
3120 6356
3121 5703
3122 9364
3123 5641
3124 5345
3125 5576
3126 5802
3127 5889
3128 5712
3129 6187
3130 3985
3131 5907
3132 6137
3133 5608
3134 4056
3135 4589
3136 4348
3137 3737
3138 3902
3139 6571
3140 3153
3141 7152
3142 5315
3143 4892
3144 7330
3145 4236
3146 4605
3147 8330
3148 6824
3149 4570
3150 3584
3151 4914
3152 5909
3153 5438
3154 3978
3155 4749
3156 3812
3157 4597
3158 4488
3159 5068
3160 4370
3161 5044
3162 5914
3163 5211
3164 7376
3165 4687
3166 4609
3167 3984
3168 4752
3169 5502
3170 5193
3171 5196
3172 5160
3173 4446
3174 4249
3175 4038
3176 4653
3177 3804
3178 3495
3179 4840
3180 4400
3181 5974
3182 3484
3183 3921
3184 3516
3185 5315
3186 5172
3187 4911
3188 5513
3189 5286
3190 4828
3191 6383
3192 5178
3193 6450
3194 4156
3195 5707
3196 5489
3197 4795
3198 3939
3199 2979
3200 7590
3201 3634
3202 4106
3203 3739
3204 4457
3205 4955
3206 4871
3207 3147
3208 5714
3209 9376
3210 5056
3211 4999
3212 3837
3213 6679
3214 6231
3215 4423
3216 5205
3217 4795
3218 5843
3219 5140
3220 4119
3221 2398
3222 6382
3223 4917
3224 7141
3225 2819
3226 6178
3227 5299
3228 5423
3229 4715
3230 8937
3231 3224
3232 3889
3233 5352
3234 5065
3235 4139
3236 3061
3237 3558
3238 4358
3239 3883
3240 4659
3241 4338
3242 5844
3243 6453
3244 4363
3245 5459
3246 4625
3247 4337
3248 5919
3249 3401
3250 4382
3251 4392
3252 4620
3253 5153
3254 4030
3255 4805
3256 3335
3257 7554
3258 3533
3259 3975
3260 3342
3261 5036
3262 4381
3263 5855
3264 3321
3265 4205
3266 4270
3267 4016
3268 4398
3269 4720
3270 3004
3271 4342
3272 3590
3273 4161
3274 4560
3275 4815
3276 2639
3277 4371
3278 3751
3279 6857
3280 8749
3281 4108
3282 4205
3283 5162
3284 3038
3285 5858
3286 2654
3287 4099
3288 4059
3289 5674
3290 3324
3291 4168
3292 4294
3293 3426
3294 4104
3295 4460
3296 6042
3297 7212
3298 6733
3299 8171
3300 5547
3301 3908
3302 7757
3303 5145
3304 6792
3305 5377
3306 5812
3307 3704
3308 5275
3309 6336
3310 7168
3311 6832
3312 8433
3313 4410
3314 6779
3315 5416
3316 4433
3317 5077
3318 3912
3319 6402
3320 10513
3321 4676
3322 6911
3323 4159
3324 3460
3325 5066
3326 5499
3327 4943
3328 6355
3329 3623
3330 6920
3331 5349
3332 4231
3333 3450
3334 4640
3335 5622
3336 3755
3337 2637
3338 4821
3339 2460
3340 2978
3341 6393
3342 4742
3343 2988
3344 3520
3345 3129
3346 3200
3347 3911
3348 4106
3349 3783
3350 5000
3351 4648
3352 4447
3353 5491
3354 5969
3355 2869
3356 5333
3357 5015
3358 4890
3359 3995
3360 4804
3361 4857
3362 6913
3363 4978
3364 6414
3365 3876
3366 3815
3367 4827
3368 3736
3369 5313
3370 8867
3371 3369
3372 4947
3373 4614
3374 4330
3375 5005
3376 6249
3377 3929
3378 4355
3379 6922
3380 3754
3381 3654
3382 5467
3383 3949
3384 3686
3385 3211
3386 2391
3387 4329
3388 5907
3389 4283
3390 2812
3391 4766
3392 5651
3393 5334
3394 3405
3395 4543
3396 2816
3397 4164
3398 3381
3399 3465
3400 4088
3401 4633
3402 3655
3403 4623
3404 3456
3405 3208
3406 4022
3407 2979
3408 3787
3409 4180
3410 4845
3411 4822
3412 7988
3413 4362
3414 3759
3415 4613
3416 2906
3417 2685
3418 3765
3419 4016
3420 4298
3421 6283
3422 3566
3423 5786
3424 6920
3425 5928
3426 4013
3427 4428
3428 3951
3429 4558
3430 4260
3431 3448
3432 5037
3433 4282
3434 3619
3435 5841
3436 3952
3437 6603
3438 6196
3439 3890
3440 3989
3441 5026
3442 5583
3443 5517
3444 3946
3445 4754
3446 3344
3447 5959
3448 3023
3449 3917
3450 6335
3451 5088
3452 4283
3453 4399
3454 4754
3455 6189
3456 3125
3457 7836
3458 5160
3459 5315
3460 5822
3461 3810
3462 7633
3463 5077
3464 3901
3465 6465
3466 4084
3467 3999
3468 4363
3469 4095
3470 4433
3471 4744
3472 4280
3473 4235
3474 4096
3475 3704
3476 6054
3477 4706
3478 5581
3479 3513
3480 3862
3481 3665
3482 4323
3483 5622
3484 5349
3485 3722
3486 3795
3487 4599
3488 5201
3489 3848
3490 2868
3491 4704
3492 2850
3493 3763
3494 4980
3495 3322
3496 5059
3497 3614
3498 5116
3499 5385
3500 4847
3501 5893
3502 9296
3503 5181
3504 3601
3505 4503
3506 4826
3507 5474
3508 6142
3509 4804
3510 3387
3511 3577
3512 4313
3513 5307
3514 5307
3515 3048
3516 5905
3517 6261
3518 4307
3519 4433
3520 6881
3521 7770
3522 4481
3523 4305
3524 3669
3525 3693
3526 3637
3527 6294
3528 4824
3529 3859
3530 4643
3531 6749
3532 3741
3533 3468
3534 4042
3535 6800
3536 4353
3537 4354
3538 3136
3539 5135
3540 3800
3541 4275
3542 5332
3543 3082
3544 4129
3545 7443
3546 5975
3547 4137
3548 4552
3549 2943
3550 3795
3551 5338
3552 3072
3553 5237
3554 3409
3555 4439
3556 3280
3557 2652
3558 5160
3559 5168
3560 5030
3561 5813
3562 3952
3563 3719
3564 5368
3565 4098
3566 6202
3567 4902
3568 3395
3569 3796
3570 3632
3571 4207
3572 4896
3573 4879
3574 4061
3575 5144
3576 6762
3577 3860
3578 3400
3579 4288
3580 5657
3581 8588
3582 4133
3583 4010
3584 6560
3585 3863
3586 2886
3587 8371
3588 5985
3589 5312
3590 4144
3591 5700
3592 4126
3593 3827
3594 6010
3595 4311
3596 4720
3597 2664
3598 4951
3599 3229
3600 3048
3601 5243
3602 4893
3603 4509
3604 8155
3605 4065
3606 6051
3607 4287
3608 5856
3609 5557
3610 6017
3611 6542
3612 2821
3613 3502
3614 3985
3615 3474
3616 2109
3617 4381
3618 5366
3619 3283
3620 4716
3621 5584
3622 4879
3623 3564
3624 4631
3625 4482
3626 6366
3627 4092
3628 3834
3629 4249
3630 7766
3631 4175
3632 4780
3633 5551
3634 3320
3635 4746
3636 5899
3637 3155
3638 6060
3639 5263
3640 4951
3641 4641
3642 3768
3643 5029
3644 4709
3645 4838
3646 4079
3647 3028
3648 3909
3649 3262
3650 4221
3651 5754
3652 4701
3653 2883
3654 4990
3655 5149
3656 3588
3657 4172
3658 5622
3659 3405
3660 3577
3661 3109
3662 4417
3663 3134
3664 3340
3665 6245
3666 3305
3667 3969
3668 3738
3669 5152
3670 5458
3671 6404
3672 3918
3673 3810
3674 6229
3675 4135
3676 2348
3677 5128
3678 1883
3679 4401
3680 3746
3681 4146
3682 3846
3683 3990
3684 3276
3685 3397
3686 2739
3687 3064
3688 8918
3689 9003
3690 6075
3691 3158
3692 5956
3693 4022
3694 3708
3695 4203
3696 4294
3697 4646
3698 4374
3699 6359
3700 4307
3701 5283
3702 4294
3703 5386
3704 4404
3705 4378
3706 3931
3707 3604
3708 3914
3709 6000
3710 3835
3711 3928
3712 6292
3713 3698
3714 4443
3715 4511
3716 5502
3717 5076
3718 5248
3719 5315
3720 5757
3721 3625
3722 3388
3723 6430
3724 5890
3725 3742
3726 6092
3727 3768
3728 4232
3729 5105
3730 2662
3731 4424
3732 3337
3733 4235
3734 4900
3735 3276
3736 3892
3737 5214
3738 5761
3739 6121
3740 4702
3741 3503
3742 6294
3743 3233
3744 4782
3745 4374
3746 6612
3747 4983
3748 4581
3749 3567
3750 6100
3751 6283
3752 3795
3753 6057
3754 3748
3755 2897
3756 3349
3757 6125
3758 2851
3760 6534
3761 4711
3762 3754
3763 5431
3764 4439
3765 3543
3766 4297
3767 7536
3768 5949
3769 4748
3770 5375
3771 4897
3772 4375
3773 5873
3774 5226
3775 5160
3776 2890
3777 3601
3778 5386
3779 3841
3780 4568
3781 3382
3782 3970
3783 3393
3784 4121
3785 3546
3786 6208
3787 5279
3788 4445
3789 3545
3790 3281
3791 3026
3792 4711
3793 4385
3794 4290
3795 4444
3796 3066
3797 5818
3798 4108
3799 3522
3800 4336
3801 3463
3802 4309
3803 3791
3804 6048
3805 4152
3806 4506
3807 4959
3808 4554
3809 4824
3810 3733
3811 8087
3812 4082
3813 6624
3814 6674
3815 5512
3816 4108
3817 3933
3818 3175
3819 3598
3820 5965
3821 4171
3822 3224
3823 3979
3824 3787
3825 4308
3826 3334
3827 5259
3828 4524
3829 7697
3830 6528
3831 5357
3832 4861
3833 5333
3834 5444
3835 4669
3836 3282
3837 5842
3838 5031
3839 2878
3840 4501
3841 4074
3842 4771
3843 4913
3844 3523
3845 4603
3846 4443
3847 5276
3848 6066
3849 5768
3850 4508
3851 5045
3852 5745
3853 4737
3854 3054
3855 3853
3856 4481
3857 4057
3858 3425
3859 4592
3860 5429
3861 3112
3862 5915
3863 3706
3864 3942
3865 4261
3866 7172
3867 4250
3868 4134
3869 3361
3870 4935
3871 3771
3872 4404
3873 6500
3874 2761
3875 2750
3876 4792
3877 3652
3878 4082
3879 3611
3880 6037
3881 3817
3882 3210
3883 5018
3884 4496
3885 4780
3886 3010
3887 3265
3888 4867
3889 3707
3890 3572
3891 5055
3892 5284
3893 4062
3894 3560
3895 6256
3896 5673
3897 3447
3898 6399
3899 2428
3900 3466
3901 6118
3902 3127
3903 3687
3904 4818
3905 3194
3906 4620
3907 3932
3908 3619
3909 4055
3910 8709
3911 3133
3912 3746
3913 3968
3914 3577
3915 3622
3916 6379
3917 5944
3918 4178
3919 6722
3920 7760
3921 4247
3923 3772
3924 4045
3925 3977
3926 4345
3927 5509
3928 3504
3929 3527
3930 4582
3931 2773
3932 5502
3933 3217
3934 3325
3935 5602
3936 2451
3937 4683
3938 4415
3939 4952
3940 3721
3941 3264
3942 4270
3943 5013
3944 5216
3945 6574
3946 5148
3947 3648
3948 2870
3949 6879
3950 4177
3953 5598
3954 5250
3955 5828
3956 3870
3957 7241
3958 3649
3959 3832
3960 3846
3961 3110
3962 4918
3963 4119
3964 3651
3965 4011
3966 3614
3967 4530
3968 2745
3969 4652
3970 4373
3971 3898
3972 4621
3973 6602
3974 4529
3975 5154
3976 5444
3977 6173
3978 3293
3979 6560
3980 5490
3981 3956
3982 4353
3983 4263
3984 4514
3985 5723
3986 3426
3987 5150
3988 3868
3989 4858
3990 4133
3991 3701
3992 8106
3993 3476
3994 6023
3995 3310
3996 4376
3997 3325
3998 3296
3999 4846
4000 3274
4001 3314
4002 4450
4003 6905
4004 6151
4005 5057
4006 3632
4007 5248
4008 7089
4011 3105
4012 3579
4013 5067
4014 5571
4015 5538
4016 3733
4017 3732
4018 3810
4019 5392
4020 3240
4021 5363
4022 4083
4023 4011
4024 3998
4025 3946
4026 4372
4027 5830
4028 4489
4029 3356
4030 4015
4031 5129
4032 6547
4033 3573
4035 5772
4036 4712
4037 3345
4038 3381
4039 4852
4040 5101
4041 3865
4042 7410
4043 3862
4044 3761
4045 5520
4046 3136
4047 4569
4048 3140
4049 3541
4050 3758
4051 3600
4052 4790
4053 3164
4054 4591
4055 7721
4056 2780
4057 5021
4058 3894
4059 4116
4060 4423
4064 2673
4065 4994
4066 4851
4067 4586
4068 4742
4069 3083
4070 4652
4071 6186
4072 3221
4073 4499
4074 8514
4075 3560
4076 4523
4077 3927
4078 4186
4079 5564
4080 3779
4081 3297
4082 4705
4083 4488
4084 2837
4085 3805
4086 4450
4087 4674
4088 5464
4089 4718
4090 3654
4091 4814
4092 3474
4093 7078
4094 3306
4095 4456
4096 3223
4097 5075
4098 4618
4099 4036
4100 4550
4101 4936
4102 5043
4103 4482
4104 5656
4105 9426
4106 3614
4107 5899
4108 3113
4109 4071
4110 4965
4111 7425
4112 3999
4113 4151
4115 5937
4116 4098
4117 7068
4118 3807
4119 4525
4120 4915
4121 3685
4122 3763
4123 3610
4124 5632
4125 4255
4126 4892
4127 5442
4128 4645
4129 4015
4130 3264
4131 3204
4132 4914
4133 7370
4134 6910
4135 3247
4136 4630
4137 5984
4138 4418
4139 7807
4140 3580
4141 3245
4142 5845
4143 3602
4144 5714
4145 2958
4146 6471
4147 4393
4148 7493
4149 8485
4150 3089
4151 2930
4152 4135
4153 4149
4154 4437
4155 5252
4156 5273
4157 7299
4158 4102
4159 4236
4160 3499
4161 3115
4162 3494
4163 3111
4164 3650
4165 4225
4166 4762
4167 3560
4168 3356
4169 3693
4170 3318
4171 7908
4172 4375
4173 9461
4174 5176
4175 4172
4176 3384
4177 4510
4178 3944
4179 4477
4180 7278
4181 2614
4182 4253
4183 4087
4184 4013
4185 7021
4186 5604
4187 3595
4188 5239
4189 4249
4190 4171
4191 5304
4192 3046
4193 5314
4194 7744
4195 5606
4196 5493
4197 2696
4198 3239
4199 2999
4200 4091
4201 3768
4202 4054
4203 3011
4204 3690
4205 2681
4206 3337
4207 3938
4208 2455
4209 3436
4210 4205
4211 3154
4212 5638
4213 4968
4214 4675
4215 9315
4216 3827
4217 4752
4218 3724
4219 4104
4220 4119
4221 2680
4222 3730
4223 5605
4224 5950
4225 3729
4226 7580
4227 4730
4228 7482
4229 6916
4230 7676
4231 4354
4232 6581
4233 3580
4234 4224
4235 2734
4236 4631
4237 11158
4238 3179
4239 3190
4240 5577
4241 4496
4242 5729
4243 2832
4244 5427
4245 4880
4246 5077
4247 5144
4248 4432
4249 4510
4250 3263
4251 3603
4252 3420
4253 5006
4254 3933
4255 4322
4256 3090
4257 3143
4258 3200
4259 4294
4260 4410
4261 6203
4262 6173
4263 4866
4264 4571
4265 8760
4266 3096
4267 2924
4268 5698
4269 2768
4270 2895
4271 5214
4272 4930
4273 2609
4274 4624
4275 5460
4276 2884
4277 3023
4278 3943
4279 5809
4280 4123
4281 3092
4282 4773
4283 5548
4284 6118
4285 4563
4286 5351
4287 5548
4288 4078
4289 4661
4290 6794
4291 3648
4292 4648
4293 7560
4294 3508
4295 4748
4296 4484
4297 3580
4298 4112
4299 3258
4300 4382
4301 3025
4302 5387
4303 5562
4304 4420
4305 3861
4306 4031
4307 4554
4311 7484
4312 5101
4313 3681
4314 2994
4315 3933
4316 2923
4317 3647
4318 2959
4319 9159
4320 3754
4321 3290
4322 4431
4323 3140
4324 3853
4325 3245
4326 3255
4327 3104
4328 3271
4329 6522
4330 4357
4331 3619
4332 4046
4333 4123
4334 3064
4335 4863
4336 5506
4337 5515
4338 3572
4339 4748
4340 4776
4341 4110
4342 4312
4343 4994
4344 3359
4345 3481
4346 2614
4347 3277
4348 4224
4349 4775
4350 3522
4351 3959
4352 4475
4353 5542
4354 3895
4355 9219
4356 5416
4357 4536
4358 3339
4359 2607
4360 4604
4361 8184
4362 4020
4363 3817
4364 4753
4365 4348
4366 7492
4367 4223
4368 4949
4369 3172
4370 4615
4371 3367
4372 3988
4373 3954
4374 5553
4375 5027
4376 4256
4378 3720
4379 4051
4380 3195
4381 3502
4382 3525
4383 2748
4384 6290
4385 2829
4386 2965
4387 6301
4388 5171
4389 4192
4390 3031
4391 2961
4392 3019
4393 4850
4394 4456
4395 5853
4396 3887
4397 2845
4398 4627
4399 4654
4400 4610
4401 3431
4402 4785
4403 4611
4404 4514
4405 3629
4406 3736
4407 4530
4408 4851
4409 3836
4410 2827
4411 3758
4412 4104
4413 3663
4414 2617
4415 5681
4416 3420
4417 5754
4418 4405
4419 3629
4420 4016
4421 5353
4422 6016
4423 5916
4424 4139
4425 4045
4426 5212
4427 4798
4428 3037
4429 3196
4430 8198
4431 4749
4432 4237
4433 2962
4434 4717
4435 5131
4436 2654
4437 4511
4438 3662
4439 4508
4440 3176
4441 3989
4442 3128
4443 5315
4444 5737
4445 4245
4446 4909
4447 3638
4448 6067
4449 3997
4450 4515
4451 2786
4452 2538
4453 3186
4454 2169
4455 4193
4457 3708
4458 5084
4459 4091
4460 4746
4461 3814
4462 5250
4463 5818
4464 3184
4465 5785
4466 5154
4467 2961
4468 3285
4469 4344
4470 4478
4471 6840
4472 4694
4473 5397
4474 4347
4475 3417
4476 3378
4477 5175
4478 2785
4479 3298
4480 3605
4481 2806
4482 4610
4483 4077
4484 3127
4485 4277
4486 4242
4487 3010
4488 4803
4489 4459
4490 4477
4491 5058
4492 2489
4493 4974
4494 3310
4495 4509
4496 2679
4497 5419
4498 5453
4500 2894
4501 4275
4502 4358
4503 4957
4504 3957
4505 2794
4506 4114
4507 4529
4508 4051
4509 3882
4510 4951
4511 4146
4512 2344
4513 3092
4514 4052
4515 4858
4516 3897
4517 3692
4518 6135
4519 6306
4520 4052
4521 4617
4522 4158
4523 5118
4524 2570
4525 3391
4526 4339
4527 4589
4528 9253
4529 2986
4530 5984
4531 3554
4532 3197
4533 3285
4535 4924
4536 5787
4537 3233
4538 2754
4539 3731
4540 3083
4541 4432
4542 3507
4543 5257
4544 3574
4545 5649
4546 2881
4547 3775
4548 4905
4549 4319
4550 3005
4551 4587
4552 6566
4553 3810
4554 5025
4555 5810
4556 2703
4557 3694
4558 2070
4559 5696
4560 3277
4561 5177
4562 2733
4563 5387
4564 4606
4565 6109
4566 3647
4567 4492
4568 4296
4569 3019
4570 4896
4571 3081
4572 5079
4573 3874
4575 4687
4576 4259
4577 6272
4578 4974
4579 4446
4580 5534
4581 4260
4582 3686
4583 5140
4584 3173
4585 3026
4586 4475
4587 4451
4588 6246
4589 4019
4590 4774
4591 4018
4592 4928
4593 2755
4594 5573
4595 2729
4596 4080
4597 6077
4598 4196
4599 4189
4600 4172
4601 4386
4602 6812
4603 4287
4604 3305
4605 3894
4606 4578
4607 5085
4608 5305
4609 5506
4610 9836
4611 5094
4612 4538
4613 2870
4614 5172
4615 4079
4616 3497
4617 6256
4618 5399
4619 6681
4620 4504
4621 4022
4622 2968
4623 5607
4624 4886
4625 4228
4626 3877
4627 3125
4628 4047
4629 4722
4630 2717
4631 6961
4632 6960
4633 4240
4634 8014
4635 3838
4636 4336
4637 2947
4638 4320
4639 3250
4640 5256
4641 4799
4642 5831
4643 3168
4645 3456
4646 4094
4647 4944
4648 3203
4649 3033
4650 5118
4651 4579
4652 3396
4653 6125
4654 3702
4657 3459
4658 4171
4659 5691
4660 6112
4661 4927
4662 3721
4663 4564
4664 5253
4665 3928
4666 4740
4667 3627
4668 5168
4669 3776
4670 4760
4671 3140
4672 2793
4673 3708
4674 3940
4675 4489
4676 4042
4677 3752
4678 4431
4679 7830
4680 5238
4682 3713
4683 5272
4684 4605
4685 4640
4686 3256
4687 6777
4688 3873
4689 3718
4690 3348
4691 5240
4692 4518
4693 3255
4694 3981
4695 4133
4696 4301
4697 4526
4698 2971
4699 4142
4700 2865
4701 4840
4702 2996
4703 4666
4704 5166
4705 2138
4706 2636
4707 3611
4708 3459
4709 3462
4710 5124
4711 5437
4712 5006
4713 4162
4714 3611
4715 5545
4716 3206
4718 3810
4719 7248
4720 3720
4721 2955
4722 4598
4723 6705
4724 5495
4725 2707
4726 4520
4727 2967
4728 4336
4729 4118
4730 5810
4731 6275
4733 4524
4734 3776
4735 3110
4736 2929
4737 4622
4738 4765
4739 2931
4740 4310
4741 4578
4742 3481
4743 3826
4744 4075
4745 4548
4746 4610
4747 5495
4748 4768
4749 3640
4750 4712
4751 3988
4752 5373
4753 3243
4754 6213
4755 4312
4756 3393
4757 3813
4758 5063
4759 3382
4760 4539
4761 4674
4762 2850
4763 4642
4764 6063
4765 4518
4766 4687
4767 6182
4768 3621
4769 3695
4770 4585
4771 6377
4772 3920
4773 3525
4774 3264
4775 3054
4776 3320
4777 5274
4778 3018
4779 2560
4780 3202
4781 2871
4782 3561
4783 4794
4784 5505
4785 5830
4786 4091
4787 5845
4788 2878
4789 5217
4790 3320
4791 2805
4792 4513
4793 3945
4794 4388
4795 5211
4796 5990
4797 3315
4798 7473
4799 3357
4800 4091
4801 3877
4802 6349
4803 4959
4804 8433
4805 3736
4806 4309
4807 6393
4808 3595
4809 4407
4810 5173
4811 5286
4812 4182
4813 4445
4816 4369
4817 3816
4818 3999
4819 4668
4820 4710
4821 3663
4822 5463
4823 3334
4825 4042
4826 3643
4827 3918
4828 5614
4829 5561
4830 3296
4831 4926
4832 3373
4833 5637
4834 3135
4835 4131
4836 5654
4837 3074
4838 4216
4839 3855
4840 3300
4841 3634
4842 4083
4843 3572
4844 3968
4845 3814
4846 3710
4847 4057
4848 4126
4849 4610
4850 3416
4851 3677
4852 4624
4853 3498
4854 2936
4856 4554
4857 4091
4858 3508
4859 4913
4860 3668
4861 5153
4862 3618
4863 6871
4864 3659
4865 3793
4866 4470
4867 3540
4868 4523
4869 3006
4870 4211
4871 3539
4872 3331
4873 4151
4874 3306
4875 3202
4876 3226
4877 3858
4878 4604
4881 6314
4882 5494
4883 4213
4884 3392
4885 6157
4886 5898
4887 3787
4888 5110
4889 3213
4890 3426
4891 4461
4892 5401
4893 4625
4894 7945
4895 3752
4896 3792
4897 3351
4898 3786
4899 2301
4900 5517
4901 3783
4904 6175
4905 4315
4906 4541
4907 5800
4908 5275
4909 4715
4910 3200
4911 3046
4912 4010
4913 5242
4914 4978
4915 3670
4916 4769
4917 5889
4918 4411
4919 7775
4920 3869
4921 3481
4922 2559
4923 5324
4924 5613
4925 4196
4926 3836
4927 5181
4928 3174
4929 4962
4930 7087
4931 5550
4932 5284
4933 6312
4934 5762
4935 4406
4936 4182
4937 3525
4938 3068
4939 4350
4940 4261
4941 4183
4942 4675
4943 2874
4944 5659
4945 3334
4946 3526
4947 5238
4948 3777
4949 4480
4950 3919
4951 6399
4952 5878
4953 4325
4954 2317
4955 3354
4956 3372
4957 5258
4958 3095
4959 3941
4960 3297
4961 3556
4962 2850
4964 5142
4965 5663
4966 3678
4967 3409
4968 4736
4969 3158
4970 4356
4971 3656
4972 4013
4973 5191
4974 3580
4975 3304
4976 3909
4977 5199
4978 6859
4979 3603
4980 4058
4981 4326
4982 3960
4984 3575
4985 11706
4986 4865
4987 4470
4988 2660
4989 3682
4990 3543
4991 4718
4992 4495
4993 5697
4994 3627
4995 3207
4996 3871
4997 4964
4998 4359
4999 5249
5000 5076
5001 3687
5002 2639
5003 3666
5004 5702
5005 6922
5006 3739
5007 6187
5009 10852
5010 3606
5011 3578
5012 3801
5013 4483
5014 2980
5015 5127
5016 4109
5017 4813
5018 4460
5019 4662
5020 6173
5021 11522
5022 3879
5023 5255
5024 3471
5025 4018
5026 4084
5027 4494
5028 4128
5029 2667
5030 5204
5031 3243
5032 4047
5033 4809
5034 3667
5035 4129
5036 5082
5037 3022
5038 4651
5039 2944
5040 3110
5041 3813
5042 3571
5043 4685
5044 3740
5045 3357
5046 3600
5047 4470
5048 7020
5049 4088
5050 4859
5051 5122
5052 5856
5053 4584
5054 5177
5055 2616
5056 4533
5057 4536
5058 3886
5059 3734
5060 4075
5061 4642
5062 4152
5063 4782
5064 2862
5065 4203
5066 4181
5067 3966
5068 3547
5069 2936
5070 5239
5071 4428
5072 5229
5073 7087
5074 4024
5075 3633
5076 5294
5077 3362
5078 3289
5079 5111
5080 5209
5081 4426
5082 3340
5083 5650
5084 4464
5086 6099
5087 3425
5088 7291
5089 4138
5090 2788
5091 3923
5092 3193
5093 3927
5094 6040
5095 4329
5096 5154
5097 2995
5098 3002
5099 3831
5100 11897
5101 5151
5102 4300
5103 5146
5104 4868
5105 6134
5106 4359
5107 7645
5108 3740
5109 4962
5110 4424
5111 3740
5112 4518
5113 4050
5114 3936
5115 3806
5116 3051
5117 6486
5118 4723
5119 4250
5120 5154
5121 5125
5123 4515
5124 3234
5125 7094
5126 2773
5127 4049
5128 4110
5129 4491
5130 3796
5134 4983
5135 5663
5136 8367
5137 3528
5138 4416
5139 5462
5140 5176
5141 3327
5142 4365
5143 6181
5144 4646
5145 5313
5146 6965
5147 3629
5148 11517
5149 6088
5150 3579
5151 6764
5152 4380
5153 5224
5154 4511
5155 3328
5156 3322
5157 5264
5158 3576
5159 3346
5160 4400
5161 5643
5162 4978
5163 4867
5164 3204
5165 5401
5166 4844
5167 5598
5168 3420
5170 6499
5171 4751
5172 3443
5173 3970
5174 5933
5175 5971
5176 2924
5177 4538
5178 5186
5179 4171
5180 3349
5181 4553
5182 3225
5183 3685
5184 5617
5185 2974
5186 4796
5187 4750
5189 3015
5190 2686
5191 3105
5192 3436
5193 3967
5194 3465
5195 4061
5196 6048
5197 3390
5198 2717
5199 4630
5200 4819
5201 5643
5202 3559
5203 3808
5205 4003
5206 2898
5207 6715
5208 3947
5209 4912
5210 3227
5211 3637
5212 3840
5213 6855
5214 4156
5215 4128
5216 4131
5217 7492
5218 7438
5219 4048
5220 4757
5221 3919
5222 4853
5223 4089
5224 3511
5225 4797
5226 3776
5227 4406
5228 6026
5229 3333
5230 3786
5231 4039
5232 5290
5233 3642
5234 6354
5235 3789
5236 6909
5238 4354
5239 5434
5240 5573
5241 3386
5242 3513
5243 5069
5244 3354
5245 4286
5246 5311
5247 8791
5248 5292
5249 3300
5250 4746
5251 3976
5252 6254
5253 4615
5254 7182
5255 5230
5256 3875
5257 5085
5258 4101
5259 3317
5260 3882
5261 3715
5262 3481
5263 5899
5264 4628
5265 3810
5266 4566
5268 3055
5269 3610
5270 3453
5271 4670
5272 4011
5273 2997
5274 3434
5275 2777
5276 2766
5277 4113
5278 5505
5279 4498
5280 5261
5281 3893
5282 5978
5283 2385
5284 3611
5285 2799
5286 2672
5287 3598
5288 4999
5289 3832
5290 3694
5291 6637
5292 4415
5293 6864
5294 3198
5295 3491
5296 3393
5297 5570
5298 3100
5299 3827
5300 3825
5302 3546
5303 3629
5304 3223
5305 2897
5306 4664
5307 3883
5308 3371
5309 4463
5310 4509
5311 4499
5312 3455
5313 5812
5314 3871
5316 5570
5317 4656
5318 3477
5319 2673
5320 5943
5321 4172
5322 5166
5323 3025
5324 5580
5325 2763
5326 3156
5327 5773
5328 4107
5329 2736
5330 3365
5331 3609
5332 4616
5333 3276
5334 3349
5335 5361
5336 5506
5337 3727
5338 3516
5339 3102
5343 4019
5344 4063
5345 4645
5346 3793
5347 3751
5348 3704
5349 3626
5350 6824
5351 3299
5352 3745
5353 4172
5354 3355
5355 7068
5356 5225
5357 4752
5358 3490
5359 3410
5360 4119
5361 3376
5362 3888
5363 4618
5364 4522
5365 4369
5366 3957
5367 4162
5368 4981
5369 3981
5370 4095
5371 4988
5372 4463
5373 3125
5374 4628
5375 4381
5376 4312
5377 4413
5378 3511
5379 4081
5380 4821
5381 5340
5382 5572
5383 3854
5384 7312
5385 3338
5386 3111
5387 4390
5388 3710
5391 4068
5392 4117
5393 4431
5394 3393
5395 5746
5396 3213
5397 3556
5398 4147
5399 6471
5400 3671
5401 4552
5402 4387
5403 5426
5404 5702
5405 5875
5406 5299
5407 3821
5408 5145
5409 3289
5410 4164
5411 2940
5412 3587
5413 2321
5414 3165
5415 5094
5416 3452
5417 5293
5418 3704
5419 3561
5420 4986
5421 2986
5422 3290
5423 4768
5424 3830
5425 6148
5426 2773
5427 5121
5428 4201
5429 2236
5430 4001
5431 4483
5432 4507
5433 5615
5434 4511
5435 4238
5436 4273
5437 4853
5438 4130
5439 3831
5440 7425
5441 4736
5442 2705
5444 3712
5445 3305
5446 4096
5447 3389
5448 2443
5449 4997
5450 3065
5451 2936
5452 3898
5453 3439
5454 3040
5455 5301
5456 4344
5457 8162
5458 3246
5459 4362
5460 3146
5461 3610
5462 4403
5463 4089
5464 4181
5466 4665
5467 4033
5468 4248
5469 5922
5470 5635
5471 3795
5472 3724
5473 4144
5474 4210
5475 2816
5476 2690
5477 6502
5478 3725
5479 5455
5480 4974
5481 4361
5482 4474
5483 6531
5484 3771
5485 3396
5486 4619
5487 2856
5488 3685
5489 5513
5490 5145
5491 5459
5492 3427
5493 3552
5494 5059
5495 3786
5496 3742
5497 5037
5498 4175
5499 3001
5500 4030
5502 4098
5503 3341
5504 5457
5505 5216
5506 3934
5507 3937
5508 5755
5509 2959
5510 2569
5512 4841
5513 6679
5514 4171
5515 4818
5516 3640
5517 3489
5518 3206
5519 2811
5520 4815
5521 4139
5522 5875
5523 3159
5524 3717
5527 3882
5528 4699
5529 4433
5530 3083
5531 3296
5532 3993
5533 2690
5534 3808
5535 2330
5536 4778
5537 4732
5538 2855
5539 5415
5540 4893
5541 5263
5542 3675
5543 4152
5544 4018
5545 4598
5546 6632
5547 4788
5548 3228
5549 4224
5550 4244
5551 4534
5552 3191
5553 3604
5554 4596
5555 4657
5556 3794
5557 4785
5558 2679
5559 4424
5560 5410
5561 4848
5562 3843
5563 3461
5565 4846
5566 4112
5567 4011
5568 7596
5569 4850
5571 3494
5572 4439
5573 5933
5574 6496
5575 5697
5576 5654
5577 4842
5578 4323
5579 3321
5580 3270
5581 5872
5582 5168
5583 5674
5584 3004
5585 4557
5586 3706
5587 4375
5589 3602
5590 3779
5591 3245
5592 6883
5593 4863
5594 3123
5597 6184
5598 3240
5599 3898
5600 3622
5601 5890
5602 3521
5603 5333
5606 5791
5607 4162
5608 4868
5609 4476
5610 3295
5611 3460
5612 4811
5613 4824
5614 3722
5615 3710
5616 3851
5617 4555
5618 6226
5619 7080
5620 3131
5621 6137
5622 4140
5623 6750
5624 4515
5625 5080
5626 5394
5627 3966
5628 4834
5629 5194
5630 4370
5631 2688
5632 3346
5633 3178
5635 2733
5636 5739
5637 4164
5638 5870
5639 5152
5640 4382
5641 3944
5642 3496
5643 3192
5644 4079
5645 4285
5646 5377
5647 4054
5648 5737
5649 3842
5650 3067
5651 5397
5652 3758
5653 4596
5654 5472
5655 2898
5656 7030
5657 4125
5658 5180
5659 3152
5660 3937
5661 5270
5662 4011
5663 3066
5664 3386
5665 3661
5666 2708
5668 2992
5669 3225
5670 3181
5671 3296
5672 3413
5673 5104
5674 3145
5675 5087
5676 5125
5677 4152
5678 4264
5679 4280
5682 6022
5683 5295
5684 4935
5685 5016
5686 6331
5687 3171
5688 5214
5689 4943
5690 4600
5691 3898
5692 4308
5693 3631
5694 3426
5696 3811
5697 4890
5698 4460
5699 3628
5700 3089
5701 5654
5702 4263
5703 3689
5704 3705
5705 3130
5707 4544
5708 8389
5709 4303
5710 4728
5711 4457
5712 4618
5713 4797
5714 4033
5715 3974
5716 3764
5717 6898
5718 3763
5719 5239
5721 3776
5722 5354
5723 2523
5724 8644
5725 6039
5726 5155
5727 4732
5728 4198
5729 3400
5730 3891
5731 4129
5733 3994
5734 4811
5735 3473
5736 3458
5737 5871
5739 4368
5740 5914
5741 4331
5742 4501
5743 4338
5744 4854
5745 4073
5746 4346
5747 4586
5749 3106
5750 5361
5751 3944
5752 4010
5753 3474
5754 5484
5755 5702
5756 5829
5757 3430
5758 3756
5759 3802
5760 5468
5761 5140
5762 4346
5763 2547
5764 3562
5766 4860
5767 4823
5768 4025
5769 5539
5770 3172
5771 3150
5772 3445
5773 2727
5774 3164
5776 4300
5777 4681
5778 3161
5779 3783
5780 4408
5781 4111
5782 4673
5783 3170
5784 4506
5785 4631
5786 4600
5787 4412
5789 2819
5790 5011
5791 3970
5792 5088
5793 6022
5795 5056
5796 3718
5797 4562
5798 2925
5799 3454
5800 3629
5802 6260
5803 2525
5804 4187
5805 4653
5806 4529
5807 4390
5808 4301
5809 2565
5810 4686
5811 4486
5812 5456
5813 3540
5814 3821
5815 2494
5816 4900
5817 5500
5818 3553
5819 13800
5820 3358
5821 4013
5822 2961
5823 4098
5824 5484
5825 5298
5826 6976
5827 4667
5828 3088
5829 5667
5830 3122
5831 3589
5832 4344
5833 4648
5834 3390
5835 4122
5836 4486
5837 5345
5838 3193
5839 4577
5841 4631
5842 6959
5843 4636
5844 4191
5845 6860
5846 5186
5847 3860
5848 4035
5849 4948
5850 2933
5851 3250
5852 6102
5853 3910
5854 5415
5855 3784
5856 3196
5857 3817
5858 5963
5859 2784
5860 3896
5861 2911
5862 2870
5863 3516
5865 5886
5866 3333
5868 3297
5869 8068
5870 3554
5871 4437
5872 4262
5873 3632
5874 3075
5875 3935
5876 4406
5877 2513
5878 4296
5879 11002
5881 4720
5882 3951
5883 5559
5884 3633
5885 4073
5886 3319
5887 3631
5888 3774
5889 3018
5890 4139
5891 4564
5892 5415
5893 3687
5896 2999
5897 4494
5898 5622
5899 4941
5900 4066
5901 2811
5902 3325
5903 3784
5904 2952
5905 4660
5906 3715
5907 3381
5909 7094
5910 3976
5911 5278
5912 5272
5913 5667
5914 3561
5915 2765
5916 2819
5917 3625
5918 6424
5919 5684
5920 4126
5923 4904
5924 4015
5925 3452
5926 3145
5927 3793
5928 2946
5929 3798
5930 4254
5931 4483
5932 5496
5933 4284
5934 4655
5935 3063
5937 4214
5938 6403
5939 6640
5940 4258
5941 3689
5942 5515
5943 4398
5944 3925
5945 4021
5946 4198
5947 3566
5948 5235
5949 3215
5950 2866
5951 3504
5952 4001
5953 4452
5954 4602
5955 2940
5956 3127
5957 6616
5958 7099
5959 5956
5960 3204
5961 3557
5962 3422
5964 4697
5965 5934
5966 5425
5967 2880
5968 4484
5969 4294
5970 3839
5971 4932
5972 5293
5973 5204
5974 3275
5975 3353
5976 4569
5977 3815
5978 4212
5979 6659
5980 5491
5981 3036
5982 3956
5983 4076
5984 5474
5985 3013
5986 4907
5987 4190
5988 7398
5989 898
5991 3336
5992 3532
5993 3803
5994 3656
5995 5713
5996 3067
5997 4207
5998 4169
5999 4957
6000 3334
6001 3028
6002 5730
6003 5163
6004 3527
6005 2651
6006 4137
6007 3101
6008 4408
6010 4363
6011 5132
6012 6804
6013 3730
6014 4531
6015 4197
6016 4272
6017 4221
6018 3937
6019 5005
6020 4989
6021 3706
6022 5077
6023 4933
6024 5076
6025 8453
6026 5286
6027 4982
6028 3498
6029 4720
6030 6252
6031 4777
6032 4556
6033 5265
6034 4357
6036 5504
6037 4431
6038 4282
6039 5576
6040 5694
6041 3291
6042 3320
6043 3776
6044 4206
6045 5967
6046 3905
6047 3697
6048 5951
6049 4270
6050 3723
6051 3377
6052 3257
6053 3238
6055 5595
6056 3628
6057 4004
6058 5032
6059 4318
6061 5710
6062 3580
6063 3046
6064 3995
6065 4091
6066 6997
6067 4066
6068 6158
6069 5049
6070 4189
6071 5103
6072 3918
6073 4733
6074 3536
6075 4596
6076 5047
6077 3661
6078 3926
6079 6390
6080 4229
6081 3964
6082 2576
6083 4742
6085 4619
6086 4539
6087 4614
6088 5380
6090 3279
6091 4189
6092 5537
6093 3563
6094 4414
6095 2398
6096 3627
6097 3584
6098 3859
6099 4466
6100 3832
6101 6250
6102 3604
6103 4955
6104 3158
6105 5388
6106 4141
6109 2055
6110 3213
6111 3006
6112 3406
6113 4026
6115 3674
6116 4505
6118 5804
6120 5922
6121 3362
6122 4668
6123 5612
6125 6154
6127 6878
6128 3658
6129 4057
6130 5258
6131 3102
6132 3621
6133 4801
6134 4340
6135 6147
6136 5454
6138 2891
6139 4626
6140 8389
6141 4492
6142 4508
6144 3546
6145 3340
6146 3698
6147 4612
6148 4357
6150 4466
6151 5416
6152 4665
6153 6245
6154 3310
6155 4883
6156 4810
6157 5224
6158 4045
6159 3680
6160 4749
6161 6220
6162 4190
6163 3507
6164 3954
6165 3009
6166 6551
6167 5462
6168 4674
6169 5044
6170 3426
6171 5945
6172 2937
6173 3367
6174 3730
6175 3354
6176 3182
6177 2215
6178 3667
6179 3974
6180 5347
6181 4781
6182 3038
6183 3309
6184 4194
6185 7921
6186 3507
6187 3491
6188 5031
6189 4056
6190 8393
6191 2996
6192 4705
6193 3756
6195 3171
6196 3491
6197 3151
6198 4232
6199 4032
6200 5590
6201 4276
6202 3024
6203 5054
6204 7101
6205 4620
6206 4443
6207 5253
6208 4808
6209 3723
6210 4734
6211 4626
6212 3759
6213 3048
6214 4900
6215 3338
6216 4716
6217 6479
6218 3275
6219 5792
6220 2187
6221 7371
6222 4273
6223 4531
6224 3826
6225 2339
6226 3572
6227 5738
6228 3561
6229 3613
6230 5297
6231 4694
6232 4551
6233 4276
6234 3406
6235 3890
6236 5686
6237 3429
6238 4229
6239 3890
6240 3433
6241 4421
6243 3553
6244 5421
6245 5519
6246 2972
6247 4548
6248 3688
6249 2977
6250 3170
6251 4913
6252 7504
6253 2747
6254 3321
6255 4605
6256 3889
6258 3219
6259 5003
6260 4313
6261 5792
6262 2806
6263 5368
6264 3263
6265 3344
6267 5700
6268 2491
6269 5526
6270 5527
6271 4147
6272 8641
6274 4394
6275 5529
6276 4696
6277 3722
6278 5815
6279 2880
6280 5496
6283 4076
6284 4004
6286 5079
6287 5632
6288 6170
6290 5632
6291 6050
6292 3938
6293 3791
6294 4335
6295 5346
6296 4568
6297 4475
6298 2979
6299 3860
6300 3736
6301 5702
6302 3646
6303 4401
6304 3247
6305 5812
6306 4468
6307 4697
6308 3736
6309 8413
6310 5892
6311 4622
6313 3875
6314 2833
6315 4072
6316 6058
6317 2695
6318 3993
6319 2836
6320 5259
6321 3473
6323 4112
6324 3351
6325 3567
6327 6382
6328 4189
6329 3752
6330 4848
6331 5141
6332 4787
6333 4137
6334 3136
6335 4799
6336 3005
6337 5009
6338 2912
6339 5675
6340 3165
6341 5956
6342 3453
6343 4382
6344 5693
6345 2738
6346 4350
6347 2918
6348 4643
6349 5268
6352 5118
6353 7275
6354 3828
6355 3805
6356 3790
6357 3899
6358 3032
6359 4691
6360 4816
6361 4521
6363 7429
6364 7881
6365 4743
6366 3513
6367 4011
6368 5088
6369 5966
6370 4856
6371 6207
6372 5970
6373 4315
6375 4655
6376 3843
6377 4331
6378 5233
6379 3334
6380 3570
6381 3453
6383 5305
6384 3598
6385 5206
6386 3749
6387 4095
6389 3816
6390 3310
6391 3778
6392 3232
6393 4991
6394 5623
6395 4619
6397 3396
6398 3654
6400 5106
6401 3366
6402 5167
6403 2616
6404 3109
6405 3273
6406 3384
6407 3385
6408 6352
6410 4999
6411 3301
6412 3825
6413 3168
6414 4199
6415 3783
6416 4383
6417 3934
6418 3456
6419 3977
6420 4358
6421 3703
6422 3172
6423 4091
6424 6385
6425 3186
6426 5097
6427 3536
6428 4833
6429 5086
6431 4028
6432 3003
6433 7158
6434 4280
6436 3485
6437 3399
6438 3858
6439 4157
6441 5005
6442 3160
6443 5164
6444 4564
6446 4014
6447 3664
6448 4033
6449 6526
6450 7881
6451 3487
6452 3523
6453 3572
6454 2348
6455 3795
6456 3611
6457 4472
6458 5863
6459 3286
6460 6038
6461 4256
6462 6889
6463 3461
6464 4579
6465 6479
6466 3698
6467 4122
6468 3846
6472 4592
6473 2956
6474 4357
6475 4782
6476 3482
6477 3203
6478 4008
6479 3980
6480 3054
6481 2814
6482 4948
6483 4444
6484 9806
6485 5054
6487 3386
6488 3136
6489 2888
6491 3403
6492 3035
6493 4154
6494 4836
6495 5395
6496 4249
6497 3179
6498 4433
6499 4795
6500 3373
6501 4782
6502 5126
6503 3868
6505 3137
6506 4047
6507 5750
6508 7479
6509 3971
6510 4492
6511 3564
6512 4506
6513 3699
6514 2802
6515 6162
6516 4999
6517 5229
6518 5050
6519 5977
6520 5862
6521 4457
6522 4481
6524 5659
6525 3704
6526 6254
6527 3317
6528 5256
6529 5400
6530 3168
6531 5139
6532 7943
6533 5373
6534 5127
6535 3588
6536 3434
6537 3978
6538 4476
6539 4653
6540 4560
6541 3349
6542 3666
6543 2755
6544 4660
6545 3379
6547 5932
6548 4517
6549 4777
6550 3560
6551 4766
6552 4068
6553 5269
6554 4212
6555 4072
6557 3693
6558 4034
6559 4327
6560 7077
6561 3440
6562 3969
6563 4960
6564 5738
6565 5909
6566 3397
6567 2836
6568 4176
6569 5285
6570 3052
6571 3384
6572 4378
6573 2765
6574 5535
6575 3930
6576 4267
6577 9431
6578 4251
6579 2985
6580 3633
6581 2713
6582 4723
6583 6693
6584 3201
6585 5203
6586 4542
6587 5009
6588 5368
6589 3965
6590 4969
6591 2621
6592 2133
6593 4405
6594 5188
6595 4313
6596 3472
6597 3074
6598 3835
6599 3125
6601 2886
6602 3628
6603 3064
6604 4066
6605 3438
6606 3294
6607 3293
6608 4931
6609 3691
6610 6351
6611 2935
6612 4277
6613 3640
6614 3004
6615 2786
6616 3308
6617 6095
6618 6846
6619 4094
6620 3512
6621 3739
6622 3333
6624 5150
6625 10105
6626 3001
6627 3186
6628 3338
6629 5770
6630 5428
6631 4003
6632 3499
6633 4945
6634 3962
6635 3894
6637 3218
6638 4270
6639 6079
6640 3594
6643 4247
6644 4666
6645 5900
6646 2695
6647 3390
6648 3355
6649 5464
6650 2884
6651 3074
6652 3352
6653 4870
6654 4294
6655 5770
6656 5696
6658 4517
6659 5325
6660 3848
6661 4182
6664 3398
6665 4549
6666 4697
6667 5093
6668 4443
6669 5214
6670 3606
6671 3507
6672 5017
6673 4138
6674 3979
6675 3334
6676 3061
6677 3488
6678 2765
6679 3908
6680 5520
6681 3211
6682 3445
6683 4306
6684 3724
6685 5171
6686 5074
6687 7143
6688 3493
6689 4233
6690 3938
6691 6461
6692 6024
6693 3242
6694 3366
6696 7045
6698 6678
6699 3092
6700 2908
6701 4924
6702 3788
6703 4059
6704 3089
6705 3837
6706 4593
6707 4255
6708 5184
6709 4008
6710 5141
6711 3165
6712 2766
6713 3427
6714 4489
6715 5685
6716 7167
6717 5939
6719 3820
6720 5467
6721 3022
6722 3718
6723 3942
6724 5096
6725 4584
6726 3445
6727 4634
6730 7022
6731 2958
6732 5026
6734 3313
6735 4293
6736 3776
6737 3750
6738 2861
6739 5625
6740 4451
6741 4091
6742 2902
6743 2874
6744 3228
6745 5681
6746 3226
6747 3687
6748 4272
6749 4422
6750 4098
6751 4187
6752 3843
6753 3861
6754 2898
6756 5376
6757 4541
6758 4613
6759 3175
6760 4073
6761 6041
6762 3975
6763 2697
6764 4392
6765 5196
6766 3393
6767 2953
6768 3384
6769 4651
6770 2797
6771 3968
6772 3443
6773 5411
6775 3656
6777 5344
6778 5553
6779 3572
6780 3740
6781 6019
6782 4062
6783 5277
6785 3534
6786 5538
6787 5064
6788 6522
6789 3322
6792 4534
6793 3249
6794 3963
6795 4300
6796 4097
6797 3083
6799 3026
6800 3349
6801 4098
6803 3974
6804 3309
6805 6897
6806 3178
6807 4552
6808 4370
6809 5003
6810 4244
6811 3363
6812 4973
6813 5871
6814 4048
6815 9075
6816 4083
6817 4603
6818 3985
6819 4612
6820 5693
6821 4606
6822 3387
6823 4817
6824 2676
6825 5000
6826 4565
6827 3088
6828 4176
6829 4129
6830 2366
6831 4869
6832 3719
6833 3355
6834 3819
6835 4129
6836 4312
6837 4282
6838 3119
6839 3883
6840 3929
6841 6238
6842 3868
6844 4656
6845 4147
6846 2802
6847 3995
6848 6156
6849 3383
6850 3595
6851 3898
6852 4829
6853 4961
6854 6052
6855 4064
6856 3727
6858 3774
6859 3345
6861 5629
6862 3176
6863 3730
6865 3609
6866 3306
6867 4632
6868 3398
6870 5398
6871 3176
6872 3202
6873 4553
6874 3079
6875 2799
6876 4970
6877 3422
6878 3195
6879 3794
6880 5026
6881 2715
6882 3777
6883 3284
6884 4225
6885 3901
6886 3676
6887 3606
6888 6625
6889 3250
6890 4061
6891 6853
6892 3663
6893 4338
6894 3909
6895 4187
6896 4996
6897 3542
6898 3397
6899 3268
6900 5203
6901 4381
6902 5764
6903 5687
6904 3831
6905 3071
6906 3696
6907 5007
6908 5879
6909 2737
6910 4366
6911 7463
6912 5508
6913 3220
6914 4139
6915 4459
6916 4805
6917 4310
6918 5026
6919 11172
6920 3950
6921 3997
6922 3464
6923 3268
6924 6707
6925 4448
6926 4464
6927 4101
6928 5106
6929 3123
6930 4450
6931 5387
6932 4600
6933 4681
6934 5154
6935 3764
6936 2763
6937 3288
6938 4103
6941 3520
6942 4459
6943 4478
6944 4348
6945 3799
6946 4543
6948 3820
6949 5519
6950 3806
6951 4264
6952 3138
6953 4285
6954 2697
6955 6757
6956 2650
6957 3809
6958 3866
6959 4597
6960 2981
6961 4436
6962 4302
6963 4176
6964 4572
6965 4378
6966 5821
6967 3049
6968 3447
6970 5910
6971 2593
6972 6676
6973 5519
6974 4914
6975 2818
6976 3357
6977 6370
6978 3954
6979 4909
6980 3080
6981 4050
6982 4287
6983 4831
6984 3403
6985 3903
6986 4132
6987 3547
6988 4627
6989 3753
6990 2892
6991 5952
6992 3216
6993 3261
6994 4071
6995 3509
6997 3817
6998 4798
6999 3732
7000 4181
7001 3694
7002 4808
7003 3705
7004 5132
7006 5354
7007 3993
7008 3626
7009 3718
7010 2444
7011 3906
7012 5797
7013 4946
7014 3407
7015 4341
7016 4435
7017 3595
7018 4552
7019 3625
7020 2953
7021 4846
7022 3177
7023 4144
7024 4611
7025 5201
7026 4157
7027 4340
7028 3854
7029 4474
7030 3502
7031 3286
7032 2880
7033 4270
7034 3379
7035 4180
7036 3498
7037 5084
7038 4400
7039 5782
7040 5157
7041 4588
7042 3490
7043 4804
7044 4353
7045 4157
7046 3159
7047 3367
7048 4503
7050 4661
7051 4751
7052 3254
7053 5145
7054 3409
7055 4906
7056 4499
7057 4291
7058 3986
7059 3772
7061 4524
7062 4347
7063 5096
7066 4048
7067 3492
7068 4619
7071 3958
7072 3589
7073 4500
7075 5072
7076 3886
7077 4565
7078 2469
7079 3873
7080 5125
7082 4503
7083 8778
7084 3630
7085 3261
7086 7518
7087 3385
7089 5926
7090 5599
7091 4129
7093 3703
7094 5396
7095 3932
7096 4934
7097 4420
7098 5374
7100 6207
7101 3604
7103 3448
7104 3289
7105 3575
7106 5116
7107 3782
7108 3859
7109 3652
7111 3969
7112 4753
7113 3052
7114 5278
7115 2962
7116 3664
7117 4706
7118 5094
7119 3119
7120 6300
7121 3486
7122 3671
7123 4489
7124 5885
7125 3033
7126 5104
7127 4419
7129 4555
7130 2814
7131 4053
7132 4695
7133 3924
7134 5083
7136 3123
7137 4455
7138 4989
7139 3737
7140 3448
7141 3933
7142 3679
7145 4898
7146 3599
7147 4363
7148 2621
7149 5063
7150 3499
7152 3687
7154 3553
7156 3811
7157 3955
7158 3278
7159 2924
7160 2176
7161 6211
7162 3722
7163 4966
7164 4182
7166 3067
7167 3717
7168 3650
7169 4945
7170 4922
7171 3478
7172 4374
7173 2881
7174 4352
7175 5084
7176 3315
7177 6729
7178 4663
7179 6054
7180 6555
7182 7924
7183 6274
7184 3951
7185 3206
7186 4287
7187 3797
7188 3860
7189 3658
7190 3508
7191 4158
7192 3362
7193 5452
7194 5640
7195 2992
7196 5217
7198 3566
7199 3693
7200 3893
7201 4694
7202 4859
7203 3980
7204 3251
7206 4966
7207 5646
7208 4133
7209 7082
7210 4021
7211 3591
7212 3828
7213 4606
7214 4216
7215 5227
7216 4414
7217 5769
7218 3234
7220 2887
7221 3489
7222 3541
7223 3631
7224 5280
7225 2901
7226 4811
7227 4645
7228 5512
7229 3156
7230 4617
7231 3677
7232 4439
7233 5141
7234 6486
7235 4392
7236 4988
7237 2899
7238 4734
7239 3643
7240 4242
7241 3755
7242 2953
7243 5641
7244 4654
7245 5128
7246 4994
7247 3285
7248 5324
7249 3434
7250 2993
7251 3958
7252 4483
7253 2714
7254 3294
7255 4141
7256 3028
7257 4813
7258 3092
7259 5928
7260 5781
7261 3054
7262 2847
7263 3121
7264 2496
7265 2939
7266 6559
7267 5007
7268 2744
7269 3497
7270 3820
7271 4092
7272 4706
7273 3258
7274 4026
7275 3641
7276 4221
7277 2974
7278 4393
7279 2824
7280 4677
7281 3513
7282 5537
7283 4976
7284 4196
7285 3825
7286 4104
7287 3388
7288 4832
7289 4571
7290 4674
7291 3733
7292 4492
7293 4502
7294 3322
7295 5077
7296 5818
7297 5891
7298 4199
7299 3382
7300 3541
7301 3745
7302 3124
7303 4261
7304 3270
7305 3267
7306 2806
7307 4789
7308 3945
7309 5306
7310 3672
7311 5995
7312 5817
7313 3062
7314 3721
7315 4220
7316 3072
7317 6092
7318 2997
7319 4489
7320 4682
7321 6633
7322 4340
7323 6445
7324 3858
7325 3675
7326 5881
7327 2905
7328 3217
7329 3224
7330 3698
7331 2311
7332 3257
7333 3994
7334 3329
7335 2684
7336 4235
7337 3701
7338 2893
7339 3715
7340 5031
7341 5159
7342 7627
7343 4124
7344 3809
7345 3861
7346 2639
7347 3013
7348 3692
7349 3289
7350 3279
7351 4788
7352 3514
7353 4658
7354 5631
7355 3431
7356 3909
7357 3600
7358 2402
7359 3083
7360 3139
7361 6174
7362 4169
7363 2606
7364 3450
7365 3081
7366 4001
7367 6311
7368 3391
7369 5025
7370 3351
7371 4455
7372 4981
7373 4535
7374 2684
7375 3852
7376 4428
7377 3538
7378 4722
7379 4533
7380 3544
7381 4264
7382 3457
7383 3465
7384 4156
7385 2705
7388 4101
7389 3231
7390 5466
7391 4848
7392 4580
7393 5534
7394 4367
7395 3596
7396 3605
7397 3969
7398 3370
7399 4969
7400 3054
7401 5167
7402 4230
7403 3960
7404 4047
7405 5159
7406 3297
7407 4708
7408 3181
7409 3725
7410 3168
7411 5147
7412 4588
7413 4286
7414 4869
7415 5315
7416 3634
7417 4141
7418 3108
7419 4918
7420 3140
7421 3359
7422 3808
7423 3415
7424 2772
7425 3278
7426 4574
7427 3665
7428 4033
7429 3611
7430 3019
7431 2889
7432 3946
7433 3087
7434 4220
7435 2758
7436 2737
7437 2907
7438 5230
7439 6728
7440 5163
7441 2614
7442 3884
7443 4390
7444 2987
7445 4024
7446 4568
7447 3394
7448 4694
7449 3040
7450 3506
7451 2784
7452 3565
7453 5302
7454 4217
7455 3091
7456 4383
7457 4890
7458 3700
7459 5271
7460 3149
7461 3906
7462 4080
7463 3575
7464 3292
7466 4070
7467 3092
7468 3178
7471 3090
7472 3128
7473 3065
7474 5888
7475 3769
7476 2994
7477 3380
7478 3316
7479 3953
7480 3214
7481 4893
7482 2805
7483 2895
7484 4645
7485 4769
7486 5694
7487 3731
7488 3839
7489 4381
7490 5052
7491 3671
7492 4514
7493 3445
7494 5222
7495 4662
7496 4895
7497 3504
7498 4410
7499 4045
7501 4881
7502 4238
7503 5573
7504 3404
7505 6875
7506 6122
7507 6864
7508 5974
7509 3052
7510 5111
7511 4812
7512 3807
7513 2869
7514 3843
7515 3683
7516 4593
7517 2776
7518 6312
7521 4112
7522 4127
7524 2642
7525 4197
7526 3927
7527 5397
7528 3460
7529 3614
7530 4508
7532 3097
7533 4904
7534 5152
7535 3430
7536 5265
7537 3318
7538 3414
7539 4519
7540 3933
7541 4189
7542 2532
7543 3207
7544 2603
7549 3646
7550 5045
7551 3089
7552 5136
7553 2713
7554 4476
7555 3822
7556 5972
7557 3804
7558 3324
7559 2813
7560 4189
7561 4361
7562 3844
7563 3920
7564 3812
7565 2942
7566 2886
7567 3223
7568 6649
7569 3599
7570 4499
7572 5522
7573 3181
7574 6053
7575 4299
7576 4442
7577 4843
7578 3898
7579 3622
7581 2980
7583 3938
7584 4727
7585 4223
7586 3652
7587 2793
7588 5017
7589 3812
7590 3791
7591 2465
7592 4455
7595 3630
7596 2727
7597 4890
7598 3179
7599 3748
7600 4013
7601 3397
7602 4373
7603 4723
7605 4263
7606 3899
7608 6414
7609 3173
7610 4886
7611 4174
7612 5178
7614 5318
7615 4831
7616 3821
7617 4656
7618 3571
7619 3827
7620 4241
7621 5077
7623 3987
7624 3271
7625 3857
7626 3398
7627 4033
7628 2531
7629 3896
7630 5068
7631 4397
7632 4689
7633 3478
7634 4269
7635 3172
7636 4715
7637 3470
7638 3861
7640 4283
7641 3585
7642 4725
7643 3913
7644 3532
7645 7949
7646 2859
7647 4407
7648 3530
7649 3706
7650 3623
7651 3445
7653 3786
7654 3191
7656 5236
7657 4265
7659 4086
7660 2980
7661 5052
7662 4133
7663 2916
7664 4691
7665 3572
7666 3564
7667 2946
7668 3553
7669 3386
7670 3977
7671 3496
7672 3028
7673 4003
7675 3608
7676 3614
7677 4233
7678 3765
7679 3864
7680 6310
7681 3853
7682 3239
7683 3433
7684 4865
7685 3681
7686 3863
7687 4669
7688 4132
7689 4979
7690 4465
7692 4973
7693 4145
7694 4996
7695 3472
7696 3278
7697 4364
7698 4466
7699 3188
7700 2668
7701 4147
7702 2908
7703 3203
7704 3816
7705 3170
7708 6512
7710 4900
7711 3019
7712 3163
7713 4967
7714 4018
7715 3427
7716 2748
7717 3903
7718 3703
7719 3444
7720 2587
7721 3430
7722 4651
7723 4084
7724 4964
7725 2917
7726 5737
7727 4657
7728 4787
7731 3613
7732 3214
7733 4459
7734 2670
7735 3051
7736 5363
7737 4211
7738 3188
7739 3445
7740 4821
7741 2515
7742 4696
7743 3483
7744 5314
7746 3208
7747 3261
7748 4207
7749 2885
7750 3441
7751 2875
7752 3334
7753 3119
7754 2816
7755 4606
7756 4182
7757 3607
7758 6849
7759 4490
7760 3303
7761 2750
7762 3233
7763 2915
7764 4358
7765 3040
7766 2842
7767 3809
7768 5944
7769 3508
7770 3230
7771 3158
7772 3400
7773 4567
7774 2806
7775 3058
7776 3710
7778 4893
7779 5273
7780 3984
7781 3950
7782 3122
7783 4004
7785 3253
7786 4233
7787 2777
7788 3068
7789 6710
7790 3596
7791 3592
7792 4349
7793 5815
7794 3660
7795 4286
7796 5665
7797 3851
7798 3193
7801 5625
7803 5042
7804 4721
7805 5613
7808 4153
7809 2799
7810 2948
7811 3857
7812 4551
7813 3779
7814 4882
7815 4330
7817 4628
7818 2982
7819 3627
7820 4656
7821 4150
7822 4616
7823 3780
7824 4921
7825 3565
7826 9095
7827 3795
7828 5328
7829 3722
7830 4500
7831 4109
7832 4600
7833 3219
7834 4857
7835 3913
7837 4170
7838 6156
7840 4184
7841 6351
7842 5596
7843 2596
7845 5498
7846 4798
7847 5513
7848 5142
7849 3563
7850 4090
7851 7294
7852 3649
7853 4926
7855 4946
7856 3597
7857 4871
7858 3028
7860 4237
7861 5249
7862 4393
7863 3167
7864 3744
7865 4026
7866 3675
7867 6139
7868 4824
7869 4450
7870 3536
7871 5707
7872 3282
7874 4978
7875 3841
7876 2760
7878 4848
7879 3279
7880 3683
7882 3221
7883 3655
7884 4074
7885 2594
7886 4133
7888 7038
7890 3741
7892 4105
7894 3514
7895 3439
7896 3355
7897 3177
7899 6050
7901 3737
7902 4787
7903 3243
7904 4408
7905 4703
7906 3067
7907 5854
7908 4185
7910 3525
7911 5061
7912 3983
7913 2918
7914 3279
7915 2565
7916 3540
7917 4010
7918 4005
7919 5221
7920 3451
7921 4778
7923 3662
7924 3860
7925 4797
7926 2984
7927 2822
7928 3412
7931 5853
7932 3372
7933 3999
7934 3224
7937 4119
7938 3797
7939 4487
7940 2960
7941 6144
7942 2918
7943 3996
7944 3426
7946 6624
7947 5063
7949 4330
7950 6078
7951 4157
7952 3265
7953 4953
7954 3501
7955 4904
7957 3544
7958 3316
7959 5182
7961 3101
7962 4621
7963 6049
7964 4380
7965 4709
7966 3167
7967 4808
7968 4022
7970 3683
7971 3129
7973 6531
7974 4584
7975 5360
7976 4868
7978 3170
7979 3477
7980 4127
7981 4448
7982 5066
7984 3195
7985 4217
7986 3184
7989 4574
7990 4337
7991 3388
7993 3826
7994 3464
7996 3288
7997 4468
7998 5413
7999 3007
8002 3439
8003 5831
8004 2975
8005 3934
8008 5042
8009 3751
8011 2889
8013 3955
8014 3084
8015 3277
8017 3642
8018 2474
8021 3338
8023 3459
8024 3062
8025 4041
8026 2222
8027 3194
8028 5418
8031 5786
8032 6038
8034 4975
8035 4392
8036 4061
8037 4286
8038 3584
8039 3875
8040 4562
8041 4149
8042 5466
8043 4457
8044 4262
8045 3160
8046 2786
8047 4264
8048 4590
8049 2671
8051 3508
8052 3868
8053 3303
8054 3103
8055 5064
8056 3380
8057 3973
8058 5165
8059 4957
8060 4536
8061 2626
8063 3537
8064 3785
8066 4509
8067 3293
8068 4906
8070 4317
8072 3071
8074 2882
8075 3807
8077 3183
8078 4560
8079 2279
8080 4233
8083 4436
8084 3204
8086 6155
8087 5456
8088 3727
8091 3857
8092 3810
8093 2826
8098 4263
8099 4044
8100 4160
8102 3628
8103 3846
8104 4351
8105 5723
8106 3075
8107 4447
8108 4039
8109 3920
8110 3497
8111 5998
8112 2779
8113 3007
8114 3243
8118 3588
8119 4068
8121 5037
8123 4321
8124 3391
8126 2908
8128 3042
8129 3505
8130 4046
8131 3956
8133 3772
8134 3939
8139 4141
8141 4246
8142 6154
8145 4001
8147 3175
8148 3408
8149 3909
8150 3997
8151 5013
8152 3802
8154 2826
8155 2863
8158 3990
8159 4582
8161 5004
8163 4150
8165 4566
8166 4304
8167 3471
8168 4153
8171 4537
8172 4370
8173 3244
8176 3823
8177 4301
8178 5291
8179 4816
8180 5269
8181 3491
8182 4370
8183 5595
8184 6817
8185 5892
8186 4253
8187 3819
8188 4329
8189 5078
8190 4343
8191 3407
8192 2530
8193 4878
8194 2842
8195 6206
8196 4697
8197 4063
8198 4181
8200 2842
8201 3390
8202 3766
8203 3141
8204 2867
8205 3123
8206 3235
8207 3620
8208 5014
8211 4023
8212 5196
8213 3378
8214 5075
8215 3787
8216 3361
8217 3886
8218 5477
8219 2579
8220 3404
8221 5578
8222 4741
8224 3254
8225 3468
8226 5762
8228 3312
8229 3982
8230 3572
8231 3526
8232 5377
8233 3718
8234 3388
8235 5247
8236 4106
8238 4866
8239 4230
8240 4484
8241 4119
8242 4592
8244 3151
8246 3588
8247 4372
8248 5911
8249 3040
8250 3298
8251 2443
8252 3999
8253 3253
8254 2926
8255 4235
8257 3599
8258 4694
8259 3357
8260 4157
8261 3380
8262 6161
8263 4656
8264 4935
8265 3658
8267 2747
8268 2984
8269 4808
8271 5167
8272 3753
8273 5072
8274 5182
8276 2613
8277 3669
8278 4495
8279 3654
8280 3512
8283 3877
8284 3778
8285 6305
8286 4794
8288 3639
8289 3616
8290 4432
8292 4407
8293 5893
8294 5386
8296 4241
8297 4616
8298 3887
8299 4597
8300 4827
8301 3764
8303 6823
8304 4060
8307 5133
8309 3840
8310 4014
8311 3795
8312 3954
8313 3639
8314 5262
8315 3950
8317 3408
8318 5164
8319 4918
8320 6772
8321 3810
8323 4504
8324 4225
8325 4289
8326 4618
8327 5738
8328 3277
8329 3449
8330 5481
8333 4269
8334 4861
8336 4343
8337 2982
8338 4672
8340 5848
8341 4333
8342 4314
8343 2859
8344 3810
8345 2936
8346 4111
8347 5776
8348 3145
8349 2582
8350 2841
8351 2801
8352 2979
8353 3295
8354 5792
8355 3777
8356 5162
8357 5247
8358 4436
8359 3210
8360 2574
8361 4626
8362 3844
8363 2764
8364 4857
8365 3699
8366 5732
8367 2751
8368 3078
8369 3961
8370 3238
8371 3369
8372 5334
8373 4178
8374 5990
8375 4901
8376 4066
8377 3318
8378 2525
8379 5110
8380 4009
8381 4137
8382 4530
8383 4801
8384 2414
8386 3526
8387 4084
8388 3798
8389 3355
8390 3979
8392 3538
8393 3021
8394 5433
8395 4843
8397 4542
8398 2691
8399 4411
8400 2151
8402 3747
8404 5445
8405 4322
8406 3554
8407 3333
8408 3228
8410 4216
8411 3858
8413 2227
8414 4456
8417 4002
8420 3309
8421 2923
8422 2476
8429 4540
8431 5857
8432 5037
8434 2973
8436 8510
8437 3572
8440 2934
8446 5843
8452 3488
8455 4250
8468 5488
8471 3156
8474 5188
8475 3871
8476 6130
8478 4368
8479 2830
8480 3077
8481 2348
8482 3167
8485 4657
8487 3621
8489 4617
8490 2895
8491 3532
8492 3834
8493 6311
8494 8978
8495 4786
8496 3841
8497 4543
8498 3678
8499 4399
8500 4224
8501 4574
8502 3584
8503 4126
8504 5390
8505 5924
8506 4713
8507 4862
8508 3238
8509 3999
8510 2911
8511 4002
8512 5092
8513 4527
8514 3783
8515 2860
8516 5672
8517 3150
8518 3162
8519 5267
8520 4817
8521 3511
8522 3376
8523 4137
8524 3609
8525 5055
8526 3358
8527 3597
8528 4071
8529 4015
8530 3167
8531 5562
8532 6411
8533 3746
8534 3695
8535 4516
8536 4743
8537 3182
8538 3231
8539 4319
8540 4338
8541 6013
8542 4718
8543 3274
8544 4710
8545 3681
8546 4041
8547 3190
8549 3997
8550 3352
8551 3663
8552 3844
8553 3112
8554 3511
8555 4426
8556 6813
8557 3547
8558 6695
8559 4730
8560 3845
8561 4760
8562 3697
8563 3462
8564 3472
8565 5042
8566 3078
8567 3524
8569 3019
8570 3570
8572 3021
8573 2942
8574 2881
8576 4583
8577 5692
8578 3796
8580 5161
8582 4780
8583 4676
8584 3368
8585 4498
8586 3828
8587 3192
8588 5271
8589 4337
8590 3669
8592 4662
8595 3285
8596 4626
8597 4029
8598 3429
8599 2452
8600 2660
8602 3098
8603 3247
8604 2634
8605 2688
8606 3441
8607 2058
8608 4751
8609 3209
8610 3365
8611 2881
8612 4360
8613 3077
8614 5806
8616 5051
8619 4022
8620 3157
8621 6002
8622 3191
8623 3336
8625 5771
8626 3194
8629 2508
8631 4330
8632 3244
8633 4818
8635 4349
8636 4043
8637 4340
8638 2927
8639 3314
8641 2567
8642 5080
8645 6082
8647 3471
8649 3935
8650 3325
8654 3342
8657 3837
8658 3857
8660 6956
8661 4203
8662 4733
8663 3263
8664 5603
8667 3594
8668 5058
8669 3675
8670 1980
8671 5638
8672 3384
8673 3131
8675 4160
8676 4262
8677 4708
8681 2713
8682 4613
8683 4629
8685 5394
8686 4517
8688 3641
8689 4531
8691 4133
8693 4090
8695 3614
8701 3185
8703 3925
8706 4718
8713 4565
8715 3639
8717 5230
8719 4830
8721 2481
8723 3904
8725 5279
8728 4962
8736 2867
8737 3843
8739 2952
8740 2601
8742 4311
8743 2455
8744 3783
8749 5853
8750 3482
8752 4147
8757 3857
8758 3512
8765 4184
8766 5545
8768 4968
8769 4450
8773 3948
8777 2848
8778 5098
8779 4439
8781 3320
8783 6484
8784 3428
8786 4081
8787 3041
8788 3844
8789 4080
8791 4007
8792 2741
8793 3405
8795 4250
8796 3692
8800 4519
8801 6511
8802 2978
8803 3159
8805 4738
8806 5538
8807 3792
8811 3848
8812 3530
8813 4692
8814 4642
8815 4121
8817 3479
8818 3012
8819 4278
8820 4757
8821 5166
8822 4951
8823 2839
8827 4473
8828 3200
8829 6644
8830 3475
8831 3799
8832 4040
8834 4224
8836 4293
8837 3149
8839 4260
8840 3414
8841 6080
8842 3480
8843 3610
8845 4243
8846 3475
8847 3546
8851 5225
8852 3481
8853 3342
8854 4167
8855 3838
8856 3081
8857 3512
8860 4278
8861 3262
8862 4384
8864 4548
8865 3819
8866 4103
8867 3225
8868 3932
8870 5064
8871 3611
8872 3231
8873 3103
8874 2760
8877 3685
8879 4249
8880 4273
8881 3320
8882 4662
8883 3970
8884 4495
8885 3385
8887 3037
8888 6348
8889 4311
8892 4283
8904 4726
8905 3845
8906 4378
8908 3909
8909 3662
8910 3923
8911 3818
8920 2291
8922 3252
8923 4236
8929 3811
8930 3713
8933 4086
8934 2731
8947 4366
8973 3725
8974 3683
8975 4227
8978 4047
8988 3160
8991 4295
8992 5064
8994 4287
8995 4646
8996 3459
8997 5228
9005 3368
9023 4640
9049 4410
9056 5511
9063 3539
9071 3224
9235 4350
9320 2769
9321 3250
9322 4547
9323 3501
9324 3386
9325 3413
9326 3616
9327 3871
9328 4033
9329 3872
9330 3535
9331 4695
9332 4599
9333 6826
9334 5538
9335 4442
9336 3990
9337 4944
9338 5370
9339 3854
9340 4550
9341 5680
9342 3647
9343 6279
9344 3931
9345 2631
9346 5048
9347 4945
9348 3934
9349 4966
9350 3976
9351 3507
9352 5339
9353 4439
9354 3226
9355 4071
9356 7015
9357 3774
9358 5560
9359 4498
9360 4345
9361 5512
9362 4018
9363 6101
9364 5378
9365 4677
9366 4843
9367 3410
9368 5364
9369 4869
9370 5730
9371 4245
9372 5320
9373 5251
9374 4011
9375 4415
9376 4833
9377 3590
9378 2629
9379 3745
9380 3013
9381 5301
9382 4407
9383 4071
9384 5707
9385 4493
9386 5257
9387 5669
9388 2907
9389 4277
9390 5910
9391 5099
9392 4168
9393 2932
9394 4286
9395 4024
9396 6295
9397 3504
9398 5390
9399 5284
9400 6747
9401 5956
9402 3442
9403 5082
9404 3830
9405 3928
9406 4213
9407 5377
9408 6069
9409 4051
9410 4573
9411 6106
9412 5005
9413 3915
9414 5087
9415 4658
9416 4214
9417 2872
9418 4525
9419 3198
9420 3778
9421 4134
9422 3869
9423 3135
9424 2965
9425 5064
9426 2598
9427 3140
9428 4421
9429 4514
9430 2487
9431 6150
9432 4191
9433 7369
9434 6293
9435 4121
9436 2350
9437 2569
9438 3480
9439 5535
9440 6253
9441 2783
9442 4934
9443 5317
9444 5342
9445 2891
9446 5493
9447 3621
9448 4713
9449 5040
9450 4605
9451 2883
9452 5482
9453 4739
9454 3783
9455 3542
9456 3402
9457 3841
9458 5403
9459 4406
9460 4804
9461 4837
9462 2852
9463 5979
9464 3560
9465 3837
9466 5766
9467 2631
9468 5543
9469 2228
9470 3100
9471 3663
9472 2438
9473 3377
9474 2847
9475 4628
9476 2461
9477 3653
9478 2661
9479 3068
9480 5021
9481 4319
9482 6749
9483 4205
9484 4217
9485 2928
9486 3947
9487 2973
9488 4280
9489 5403
9490 2883
9491 4664
9492 2254
9493 4674
9494 3598
9495 4907
9496 5166
9497 4539
9498 5692
9499 3340
9500 3776
9501 2620
9502 3418
9503 3556
9504 2091
9505 2525
9506 4943
9507 5363
9508 3571
9509 5298
9510 4827
9511 4145
9512 2373
9513 3724
9514 4615
9515 4068
9516 4504
9517 3572
9518 5688
9519 4597
9520 3527
9521 3327
9522 3119
9523 2691
9524 2762
9525 3291
9526 3402
9527 2931
9528 2808
9529 3804
9530 3321
9531 4979
9532 3742
9533 3708
9534 3940
9535 2527
9536 3090
9537 5574
9538 2931
9539 4042
9540 5668
9541 7381
9542 5680
9543 5061
9544 5512
9545 4688
9546 4793
9547 5632
9548 3242
9549 4310
9550 4432
9551 3165
9552 2778
9553 5146
9554 3736
9555 4443
9556 6595
9557 6137
9558 6319
9559 5202
9560 3307
9561 4026
9562 4847
9563 3647
9564 4817
9565 3725
9566 4501
9567 4226
9568 5552
9569 6104
9570 4078
9571 3172
9572 4178
9573 4937
9574 3125
9575 3913
9576 4673
9577 2660
9578 4798
9579 3859
9580 3661
9581 6076
9582 4120
9583 2472
9584 3854
9585 2779
9586 4744
9587 5610
9588 4438
9589 4168
9590 2824
9591 3211
9592 2803
9593 3617
9594 5854
9595 4558
9596 4726
9597 3880
9598 5926
9599 4503
9600 2701
9601 2744
9602 3442
9603 3323
9604 4028
9605 3067
9606 3806
9607 4467
9608 4163
9609 2854
9610 3643
9611 3242
9612 2907
9613 2766
9614 5100
9615 6514
9616 5695
9617 2425
9618 4112
9619 5106
9620 3253
9621 3433
9622 4220
9623 4176
9624 5190
9625 2808
9626 3173
9627 4022
9628 4651
9629 6875
9630 4514
9631 2981
9632 4897
9633 4677
9634 2341
9635 5630
9636 4297
9637 5710
9638 6732
9639 5993
9640 2950
9641 5770
9642 6008
9643 4335
9644 4749
9645 4327
9646 3262
9647 4477
9648 5267
9649 5349
9650 4649
9651 6318
9652 3479
9653 6174
9654 3959
9655 4174
9656 8319
9657 6190
9658 3894
9659 6385
9660 5058
9661 3477
9662 3669
9663 6219
9664 3258
9665 3719
9666 4697
9667 4876
9668 3408
9669 3814
9670 4083
9671 5802
9672 6034
9673 3467
9674 4333
9675 4741
9676 4773
9677 3685
9678 4561
9679 3794
9680 3130
9681 3730
9682 5925
9683 4570
9684 5221
9685 5610
9686 4031
9687 5445
9688 5110
9689 4749
9690 4367
9691 4047
9692 2655
9693 5096
9694 5691
9695 3193
9696 2540
9697 5882
9698 3842
9699 4285
9700 3246
9701 3196
9702 3483
9703 5041
9704 6957
9705 3354
9706 6368
9707 5905
9708 5012
9709 4726
9710 6097
9711 5132
9712 6078
9713 4755
9714 7941
9715 6254
9716 7974
9717 6607
9718 8793
9719 2893
9720 5061
9721 5150
9722 4977
9723 4615
9724 3695
9725 4075
9726 5293
9727 4266
9728 4107
9729 2569
9730 3620
9731 2842
9732 3439
9733 4376
9734 4659
9735 4208
9736 5421
9737 5375
9738 5539
9739 5484
9740 3704
9741 3550
9742 5691
9743 3503
9744 3782
9745 3833
9746 4752
9747 3891
9748 4274
9749 4729
9750 2861
9751 3376
9752 3229
9753 5780
9754 4150
9755 6874
9756 4386
9757 4479
9758 4741
9759 5983
9760 4804
9761 5144
9762 5644
9763 2969
9764 3959
9765 4279
9766 5845
9767 4555
9768 2790
9769 4011
9770 6180
9771 4266
9772 5280
9773 3860
9774 5666
9775 2772
9776 4507
9777 4958
9778 3495
9779 8204
9780 4896
9781 3956
9782 3026
9783 2896
9784 1836
9785 2532
9786 3745
9787 3620
9788 3213
9789 2793
9790 3169
9791 3200
9792 4631
9793 4091
9794 3057
9795 4064
9796 4851
9797 3730
9798 6986
9799 3886
9800 3157
9801 3436
9802 3272
9803 2633
9804 2701
9805 4655
9806 3794
9807 4721
9808 3381
9809 4656
9810 3512
9811 3572
9812 3000
9813 2752
9814 2739
9815 3739
9816 3139
9817 2458
9818 4734
9819 4903
9820 4158
9821 5211
9822 4044
9823 3263
9824 3254
9825 4713
9826 3014
9827 4110
9828 3658
9829 4285
9830 3078
9831 3111
9832 4991
9833 2996
9834 3983
9835 3284
9836 3585
9837 2832
9838 4263
9839 3743
9840 3710
9841 4622
9842 3155
9843 3283
9844 3001
9845 5240
9846 5577
9847 2940
9848 3890
9849 2867
9850 3990
9851 3142
9852 3698
9853 2503
9854 2961
9855 3027
9856 3540
9857 3982
9858 3111
9859 2802
9860 2599
9861 4316
9862 2567
9863 3500
9864 3209
9865 3101
9866 4957
9867 2663
9868 3924
9869 2806
9870 2916
9871 6234
9872 4341
9873 3169
9874 3500
9875 4155
9876 2549
9877 2768
9878 4486
9879 3253
9880 2968
9881 2884
9882 2519
9883 2977
9884 3014
9885 4845
9886 3216
9887 5396
9888 3663
9889 2974
9890 4393
9891 3666
9892 3153
9893 4245
9894 4192
9895 4099
9896 2213
9897 4436
9898 3320
9899 3405
9900 5001
9901 2711
9902 3584
9903 2191
9904 2057
9905 2795
9906 4254
9907 3345
9908 4583
9909 4425
9910 2419
9911 3434
9912 2987
9913 3583
9914 2591
9915 2882
9916 5524
9917 4196
9918 2576
9919 4164
9920 2890
9921 4052
9922 3231
9923 3859
9924 2851
9925 2268
9926 2669
9927 4301
9928 2432
9929 4288
9930 6448
9931 4350
9932 4864
9933 4104
9934 3706
9935 3740
9936 4237
9937 5166
9938 3537
9939 5414
9940 6205
9941 3196
9942 3148
9943 6185
9944 5722
9945 3145
9946 4402
9947 5198
9948 5299
9949 3462
9950 6216
9951 6078
9952 3507
9953 5124
9954 3591
9955 3189
9956 4399
9957 3621
9958 4671
9959 4916
9960 5678
9961 4526
9962 5123
9963 5822
9964 5837
9965 3819
9966 3538
9967 4519
9968 4376
9969 4255
9970 3170
9971 5351
9972 3427
9973 4675
9974 2821
9975 3763
9976 4989
9977 4378
9978 4859
9979 4007
9980 4166
9981 5288
9982 4381
9983 6586
9984 6180
9985 5804
9986 4448
9987 4054
9988 3775
9989 7344
9990 3547
9991 6560
9992 3846
9993 2625
9994 3538
9995 3642
9996 6807
9997 4092
9998 4234
9999 3157
10000 2417
10001 4550
10002 3570
10003 4814
10004 5187
10005 4716
10006 3932
10007 4702
10008 3493
10009 6481
10010 5672
10011 5716
10012 4608
10013 6229
10014 3378
10015 3081
10016 3580
10017 4501
10018 4743
10019 3975
10020 885
10021 5981
10022 4606
10023 2610
10024 4768
10025 4414
10026 6215
10027 10253
10028 5444
10029 3840
10030 5320
10031 10045
10032 7322
10033 3537
10034 6305
10035 4844
10036 7566
10037 6077
10038 4334
10039 3023
10040 4416
10041 3533
10042 3453
10043 3063
10044 4218
10045 6194
10046 4184
10047 6426
10048 7653
10049 5320
10050 4039
10051 5763
10052 4525
10053 5747
10054 4587
10055 2757
10056 3693
10057 4573
10058 3651
10059 4855
10060 2959
10061 2533
10062 3948
10063 3320
10064 3825
10065 4207
10066 6543
10067 5600
10068 2950
10069 2531
10070 3363
10071 3250
10072 3599
10073 4763
10074 4648
10075 5721
10076 4724
10077 3863
10078 5316
10079 4730
10080 4809
10081 4055
10082 4508
10083 5543
10084 3969
10085 3112
10086 6175
10087 5681
10088 3497
10089 5200
10090 3562
10091 3778
10092 2321
10093 4156
10094 4382
10095 4492
10096 3887
10097 3416
10098 2931
10099 4055
10100 6788
10101 4630
10102 2687
10103 3551
10104 3581
10105 3404
10106 3015
10107 3245
10108 3717
10109 3271
10110 3479
10111 3782
10112 5366
10113 6866
10114 3581
10115 5914
10116 4374
10117 4414
10118 3688
10119 6141
10120 4097
10121 2921
10122 3472
10123 3248
10124 3511
10125 5021
10126 2617
10127 4623
10128 3242
10129 2572
10130 3213
10131 6086
10132 3021
10133 4108
10134 3929
10135 6280
10136 4596
10137 4916
10138 5496
10139 4149
10140 3690
10141 4884
10142 6597
10143 5449
10144 4442
10145 4722
10146 3542
10147 3846
10148 3758
10149 2784
10150 3482
10151 3141
10152 3328
10153 2470
10154 3833
10155 4718
10156 5727
10157 8455
10158 4941
10159 4155
10160 4326
10161 2865
10162 7441
10163 2999
10164 4593
10165 4224
10166 3082
10167 3630
10168 4256
10169 3700
10170 3119
10171 4544
10172 5651
10173 3426
10174 4804
10175 3565
10176 2442
10177 4856
10178 3338
10179 4267
10180 3972
10181 4108
10182 3121
10183 3311
10184 3160
10185 3433
10186 4159
10187 5424
10188 3753
10189 3692
10190 5323
10191 4096
10192 4576
10193 2774
10194 2761
10195 3527
10196 2789
10197 2275
10198 4184
10199 4973
10200 3500
10201 3307
10202 3083
10203 3243
10204 2991
10205 3013
10206 3725
10207 3143
10208 3107
10209 4304
10210 3540
10211 5045
10212 2783
10213 4061
10214 5068
10215 3003
10216 4146
10217 3788
10218 2867
10219 2894
10220 2666
10221 4644
10222 3675
10223 4781
10224 3981
10225 2910
10226 3209
10227 3971
10228 3071
10229 3902
10230 3823
10231 3452
10232 4168
10233 6846
10234 4742
10235 3985
10236 4850
10237 6136
10238 3790
10239 2786
10240 5539
10241 3853
10242 4400
10243 2876
10244 5457
10245 4763
10246 3018
10247 3899
10248 3454
10249 5387
10250 3833
10251 4160
10252 4075
10253 3048
10254 4823
10255 5335
10256 4967
10257 5019
10258 4680
10259 2454
10260 3420
10261 4901
10262 5620
10263 4670
10264 6242
10265 5907
10266 6235
10267 2412
10268 4114
10269 4665
10270 3909
10271 3076
10272 3187
10273 6101
10274 2394
10275 2509
10276 4150
10277 3469
10278 3853
10279 3001
10280 4644
10281 5623
10282 5300
10283 5233
10284 4373
10285 5957
10286 5861
10287 6468
10288 4855
10289 2941
10290 4120
10291 3497
10292 3533
10293 6441
10294 4661
10295 3814
10296 3412
10297 4518
10298 4043
10299 3772
10300 4170
10301 3653
10302 4910
10303 3497
10304 2688
10305 7829
10306 3221
10307 3693
10308 3205
10309 4307
10310 4455
10311 3692
10312 2331
10313 4200
10314 4137
10315 4955
10316 3773
10317 4316
10318 4158
10319 3847
10320 3091
10321 4115
10322 4692
10323 4682
10324 5248
10325 4115
10326 5800
10327 4205
10328 4139
10329 5439
10330 5916
10331 3170
10332 3406
10333 2265
10334 4516
10335 3672
10336 5093
10337 4080
10338 4282
10339 3815
10340 5258
10341 3069
10342 4040
10343 2973
10344 5669
10345 4614
10346 6143
10347 3908
10348 4689
10349 2679
10350 3880
10351 6311
10352 3191
10353 5636
10354 3528
10355 3518
10356 3686
10357 5192
10358 4147
10359 3565
10360 5464
10361 4795
10362 4591
10363 4065
10364 3316
10365 3583
10366 5920
10367 3994
10368 4143
10369 7010
10370 5972
10371 4715
10372 5497
10373 5152
10374 6788
10375 4895
10376 5408
10377 6779
10378 5619
10379 4948
10380 5528
10381 4400
10382 4092
10383 4499
10384 3154
10385 3312
10386 4818
10387 6156
10388 4250
10389 4323
10390 5716
10391 5749
10392 3686
10393 3039
10394 3272
10395 2591
10396 5387
10397 3082
10398 4170
10399 2824
10400 3698
10401 3538
10402 3986
10403 2753
10404 4701
10405 3186
10406 2376
10407 2965
10408 3746
10409 3885
10410 4053
10411 2986
10412 4185
10413 3316
10414 3385
10415 2696
10416 5570
10417 3370
10418 3405
10419 4596
10420 3436
10421 2896
10422 2572
10423 2715
10424 5321
10425 3216
10426 3239
10427 4637
10428 4496
10429 3767
10430 5936
10431 4212
10432 5405
10433 4897
10434 5445
10435 4517
10436 2599
10437 2960
10438 4126
10439 4237
10440 4493
10441 4039
10442 5296
10443 3203
10444 5882
10445 6010
10446 5266
10447 3948
10448 5403
10449 2440
10450 5869
10451 4728
10452 3626
10453 3707
10454 2859
10455 2462
10456 4017
10457 3407
10458 2617
10459 2631
10460 2202
10461 3926
10462 3988
10463 4210
10464 3757
10465 4287
10466 2907
10467 3266
10468 3796
10469 3944
10470 3559
10471 5734
10472 4587
10473 2863
10474 3295
10475 4096
10476 3546
10477 2785
10478 2775
10479 4213
10480 3666
10481 2066
10482 2770
10483 6512
10484 4064
10485 4179
10486 3781
10487 4215
10488 3249
10489 2969
10490 4952
10491 4460
10492 3793
10493 3923
10494 3336
10495 3129
10496 6639
10497 7361
10498 6356
10499 4182
10500 4753
10501 3840
10502 5667
10503 3356
10504 3539
10505 3294
10506 3045
10507 2704
10508 3747
10509 4340
10510 4549
10511 6626
10512 3523
10513 3724
10514 4112
10515 4840
10516 4584
10517 3065
10518 3001
10519 2603
10520 4089
10521 4214
10522 3848
10523 2667
10524 5415
10525 4096
10526 3106
10527 4101
10528 3461
10529 3571
10530 3839
10531 5410
10532 4417
10533 3259
10534 3815
10535 3099
10536 2728
10537 2869
10538 3374
10539 3505
10540 5322
10541 4016
10542 4194
10543 2460
10544 3968
10545 3449
10546 3259
10547 2856
10548 7245
10549 2951
10550 5605
10551 4478
10552 5068
10553 3734
10554 3249
10555 3925
10556 4644
10557 5539
10558 4517
10559 3564
10560 5201
10561 4392
10562 5420
10563 4873
10564 4263
10565 4953
10566 7054
10567 5523
10568 4987
10569 5785
10570 4115
10571 5958
10572 4417
10573 4835
10574 4846
10575 5427
10576 4795
10577 5297
10578 5481
10579 5860
10580 5946
10581 2749
10582 5962
10583 4572
10584 5396
10585 4971
10586 5662
10587 3723
10588 2820
10589 5896
10590 2218
10591 5043
10592 5993
10593 4830
10594 4347
10595 5618
10596 6390
10597 7019
10598 4309
10599 6441
10600 6035
10601 3673
10602 5878
10603 4373
10604 3497
10605 5489
10606 4363
10607 5631
10608 3866
10609 2889
