1 591
2 942
3 817
4 833
5 1583
6 893
7 1203
8 702
9 922
10 1410
11 1401
12 1429
13 694
14 1010
15 1128
16 828
17 615
18 1199
19 789
20 691
21 570
22 908
23 698
24 949
25 895
26 1348
27 551
28 749
29 951
30 875
31 971
32 755
33 1174
34 386
35 667
36 854
37 679
38 1034
39 550
40 973
41 1119
42 1183
43 779
44 1234
45 631
46 656
47 804
48 1263
49 928
50 1410
51 706
52 1758
53 884
54 636
55 861
56 865
57 580
58 1058
59 961
60 523
61 1872
62 1403
63 1367
64 1459
65 1097
66 1104
67 704
68 628
69 902
70 794
71 727
72 979
73 978
74 943
75 2655
76 1073
77 566
78 632
79 610
80 805
81 1262
82 747
83 763
84 1535
85 1205
86 870
87 4785
88 3520
89 3938
90 3556
91 5053
92 4593
93 3037
94 2954
95 3411
96 4305
97 4297
101 1279
102 809
103 1473
104 827
105 755
106 1170
107 829
108 1192
109 993
110 1000
111 1256
112 1287
113 1298
114 817
115 732
116 765
117 1052
118 1200
119 619
120 547
121 1014
122 609
123 1060
124 1158
125 580
126 651
127 980
128 822
129 853
130 1030
131 960
132 859
133 816
134 854
135 701
136 730
137 860
138 730
139 724
140 694
141 804
142 569
143 764
144 795
145 709
146 702
147 1411
148 850
149 696
150 590
151 945
152 1099
153 575
154 893
155 1301
156 545
157 455
158 749
159 535
160 495
161 505
162 482
163 905
164 1315
165 1095
166 1274
167 788
168 898
169 1313
170 1131
171 1188
172 748
173 512
174 1171
175 588
176 1431
177 1706
178 631
179 1107
180 633
181 1031
182 455
183 607
184 855
185 745
186 804
187 1988
188 769
189 931
190 1849
191 739
192 464
193 833
194 1170
195 1464
196 717
197 844
198 945
199 627
200 1194
201 1281
202 1248
203 899
204 391
205 1288
206 1165
207 808
208 482
209 1340
210 945
211 660
212 654
213 877
214 775
215 918
216 621
217 528
218 830
219 438
220 646
221 839
222 978
223 1021
224 1149
225 781
226 1143
227 1027
228 3825
229 4316
230 3701
231 4029
232 5322
233 3461
235 775
236 1048
237 745
238 904
239 1250
240 705
241 1280
242 922
243 1562
244 825
245 715
246 1328
247 703
248 725
249 1122
250 820
251 807
252 846
253 664
254 430
255 781
256 752
257 968
258 1354
259 653
260 943
261 712
262 1119
263 795
264 995
265 1154
266 681
267 1083
268 782
269 1326
270 1312
271 700
272 762
273 1011
274 928
275 704
276 1491
277 544
278 831
279 844
280 715
281 823
282 1252
283 823
284 485
285 795
286 874
287 1176
288 757
289 1058
290 569
291 1138
292 4016
293 3340
294 4423
295 4880
296 2445
297 2516
298 1004
299 1276
300 668
301 1318
302 910
303 1309
304 982
305 703
306 523
307 786
308 1008
309 720
310 884
311 1234
312 550
313 558
314 795
315 1269
316 1184
317 962
318 532
319 562
320 869
321 977
322 748
323 736
324 930
325 478
326 919
327 928
328 1212
329 4922
330 5009
331 7350
332 4135
333 1911
334 4271
335 4428
336 3263
337 3544
338 917
339 1069
340 1750
341 674
342 1176
343 1297
344 888
345 736
346 806
347 669
348 865
349 531
350 471
351 402
352 1187
353 1306
354 1047
355 896
356 738
357 1382
358 1399
359 691
360 732
361 1054
362 629
363 609
364 795
365 795
366 4281
367 2459
368 3567
369 2709
370 720
371 544
372 698
373 814
374 1739
375 542
376 730
377 643
378 957
379 734
380 907
381 602
382 973
383 696
384 787
385 574
386 634
387 1209
388 1054
389 491
390 983
391 492
392 450
393 699
394 707
395 962
396 1135
397 936
398 1232
399 600
400 1236
401 1114
402 739
403 459
404 565
405 1443
406 980
407 1276
408 837
409 1003
410 1058
411 559
412 542
413 1145
414 1022
415 1334
416 1189
417 740
418 1058
419 710
420 985
421 982
422 1308
423 1205
424 4161
425 3448
426 4447
427 5553
428 3835
429 4486
430 3767
431 3977
432 3994
433 3114
434 4322
435 2745
436 4327
437 4062
438 1438
439 1209
440 749
441 772
442 860
443 801
444 862
445 951
446 998
447 1096
448 800
449 1167
450 814
451 949
452 1503
453 1036
454 1075
455 1254
456 1156
457 1094
458 689
459 697
460 1228
461 1186
462 975
463 1189
464 828
465 899
466 564
467 3497
468 3027
469 3627
470 6286
471 3475
472 3178
473 759
474 568
475 861
476 691
477 576
478 807
479 894
480 1076
481 653
482 986
483 1230
484 810
485 760
486 1486
487 1231
488 490
489 1407
490 871
491 1584
492 595
493 691
494 788
495 378
496 1054
497 4503
498 4542
499 5479
500 4501
501 2455
502 763
503 790
504 775
505 684
506 1092
507 678
508 1200
509 620
510 1148
511 1042
512 561
513 618
514 1422
515 1004
516 555
517 1048
518 704
519 581
520 638
521 1191
522 4561
523 2518
524 3330
525 3885
526 2422
527 692
528 1277
529 1014
530 748
531 837
532 924
533 1183
534 959
535 999
536 1109
537 835
538 1541
539 416
540 537
541 1034
542 1173
543 605
544 3076
545 3482
546 2860
547 1489
548 1085
549 671
550 785
551 1087
552 1164
553 849
554 1395
555 514
556 597
557 2912
558 3549
559 5120
560 1295
561 537
562 673
563 690
564 834
565 514
566 624
567 6214
568 3693
569 5160
570 4344
571 2724
572 1765
573 1402
574 1479
575 625
576 409
577 1258
578 1051
579 1344
580 1315
581 3631
582 4382
583 4103
584 809
585 1809
586 913
587 1475
588 760
589 4343
590 4970
591 3837
592 1054
593 690
594 1719
595 1094
596 740
597 977
598 910
599 583
600 1060
601 823
602 1215
603 552
604 761
605 1093
606 1524
607 547
608 844
609 675
610 613
611 5034
612 2735
613 1219
614 856
615 1076
616 1449
617 813
618 981
619 818
620 1086
621 733
622 778
623 3130
624 4152
625 7101
626 6094
627 3075
628 3589
629 4133
630 3170
631 2045
632 1445
633 5808
634 1392
635 977
636 849
637 1003
638 953
639 1266
640 1062
641 704
642 1281
643 690
644 5018
645 3875
646 4606
647 3576
648 4734
649 4304
650 3798
651 3255
652 537
653 1025
654 1009
655 1020
656 1047
657 1359
658 709
659 559
660 800
661 667
662 511
663 1510
664 4735
665 791
666 884
667 903
668 720
669 994
670 750
671 1143
672 1163
673 130
674 3772
675 3474
676 3577
677 4208
678 2438
679 863
680 823
681 868
682 1756
683 785
684 1051
685 655
686 1334
687 389
688 641
689 995
690 1119
691 790
692 3734
693 5537
694 3747
695 2492
696 5075
697 6344
698 2699
699 3123
700 4767
701 1889
702 949
703 649
704 1308
705 2828
706 2963
707 4076
708 3009
709 4674
710 2092
711 932
712 805
713 641
714 1324
715 773
716 1081
717 1032
718 2963
719 2917
720 4377
721 5172
722 4266
723 3328
724 4382
725 4617
726 2899
727 1325
728 1297
729 849
730 1162
731 1288
732 658
733 6284
734 4608
735 4662
736 2717
737 3539
738 3632
739 3782
740 3988
741 3814
742 2703
743 1712
744 3238
745 1055
746 601
747 819
748 830
749 979
750 1063
751 869
752 1171
753 804
754 1394
755 1358
756 1047
757 732
758 1232
759 1091
760 979
761 4056
762 3502
763 4249
764 4514
765 3006
766 645
767 894
768 774
769 788
770 916
771 780
772 948
773 1087
774 758
775 766
776 671
777 871
778 886
779 670
780 812
781 977
782 856
783 542
784 691
785 747
786 1273
787 1079
788 549
789 802
790 741
791 837
792 1398
793 581
794 1110
795 5344
796 4769
797 574
798 612
799 751
800 1124
801 949
802 678
803 3596
804 5518
805 3098
806 5776
807 2768
808 1807
809 2205
810 1677
811 3291
812 650
813 649
814 793
815 355
816 1039
817 906
818 737
819 1637
820 1019
821 3435
822 3020
823 4085
824 3610
825 2950
826 961
827 1344
828 621
829 563
830 5517
831 2796
832 2709
833 2998
834 4059
835 3101
836 3715
837 614
838 845
839 770
840 814
841 802
842 1361
843 885
844 589
845 4415
846 2976
847 3972
848 4398
849 2327
850 2957
851 1224
852 1149
853 885
854 5245
855 759
856 496
857 650
858 3424
859 3418
860 3735
861 4618
862 2438
863 3609
864 3428
865 4724
866 2913
867 5363
868 3428
869 704
870 456
871 990
872 1203
873 652
874 548
875 3094
876 4285
877 9012
878 1025
879 400
880 6199
881 4365
882 1636
883 3494
884 4334
885 3767
886 689
887 822
888 3352
889 3001
890 5941
891 676
892 667
893 4264
894 5451
895 2444
896 624
897 3987
898 3289
899 2904
900 3276
901 781
902 3285
903 4067
904 3724
905 1905
906 1317
907 3556
908 4225
909 952
910 3581
911 3230
912 3747
913 4400
914 4016
915 3845
916 3069
917 3724
918 1736
919 1541
920 1538
921 4630
922 2925
923 6258
924 1304
925 2946
926 3725
927 741
928 4247
929 4186
930 3306
931 7318
932 4109
933 1151
934 765
935 1002
936 930
937 3796
938 4625
939 3742
940 3515
941 3712
942 2450
943 4357
944 3460
945 1644
946 2775
947 709
948 2538
949 2750
950 3906
951 3443
952 2254
953 1150
954 739
955 2803
956 4215
957 5276
958 5778
959 766
960 536
961 3309
962 5168
963 3958
964 678
965 3765
966 3310
967 5014
968 1267
969 574
970 3584
971 2556
972 3268
973 3734
974 2250
975 4348
976 4236
977 3084
978 4202
979 5288
980 3687
981 1788
982 731
983 4427
984 2119
985 665
986 891
987 5597
988 3048
989 5246
990 1459
991 736
992 774
993 997
994 3828
995 1224
996 2686
997 1305
998 6069
999 1845
1000 2499
1001 1241
1002 5154
1003 2813
1004 2320
1005 1072
1006 3100
1007 3198
1008 639
1009 5205
1010 3293
1011 3733
1012 973
1013 4365
1014 3365
1015 3604
1016 990
1017 1109
1018 1608
1019 1064
1020 1104
1021 1520
1022 646
1023 926
1024 3182
1025 2389
1026 569
1027 1459
1028 988
1029 737
1030 1098
1031 1076
1032 902
1033 1410
1034 887
1035 1499
1036 1160
1037 690
1038 4983
1039 3893
1040 3340
1041 2772
1042 1349
1043 640
1044 3255
1045 3908
1046 1178
1047 889
1048 1019
1049 4427
1050 2321
1051 4011
1052 1327
1053 1053
1054 351
1055 826
1056 877
1057 945
1058 1127
1059 1036
1060 2625
1061 3340
1062 4779
1063 3596
1064 3839
1065 3313
1066 1024
1067 1119
1068 1271
1069 4090
1070 3314
1071 2072
1072 1660
1073 879
1074 3290
1075 4499
1076 4721
1077 1302
1078 1041
1079 983
1080 3827
1081 5362
1082 3720
1083 5379
1084 3354
1085 3145
1086 3827
1087 1369
1088 718
1089 4036
1090 2879
1091 4509
1092 4635
1093 6255
1094 2766
1095 3166
1096 796
1097 749
1098 579
1099 4005
1100 4476
1101 641
1102 811
1103 4185
1104 2452
1105 3834
1106 4413
1107 1966
1108 648
1109 5894
1110 3957
1111 1062
1112 3345
1113 3391
1114 3437
1115 3906
1116 1091
1117 1087
1118 3093
1119 5442
1120 2128
1121 4082
1122 5313
1123 3358
1124 2826
1125 3970
1126 4468
1127 5544
1128 2215
1129 1086
1130 1038
1131 841
1132 1111
1133 1439
1134 3414
1135 2968
1136 4419
1137 3982
1138 3713
1139 3394
1140 657
1141 985
1142 3407
1143 3139
1144 3607
1145 4698
1146 1054
1147 4719
1148 4340
1149 4429
1150 4297
1151 3522
1152 4398
1153 3050
1154 3772
1155 429
1156 5291
1157 5520
1158 2490
1159 2998
1160 2648
1161 5317
1162 6549
1163 4204
1164 1200
1165 832
1166 3783
1167 3598
1168 2724
1169 4945
1170 1111
1171 5113
1172 3138
1173 2718
1174 3804
1175 5574
1176 705
1177 977
1178 739
1179 704
1180 8332
1181 3056
1182 4897
1183 4461
1184 880
1185 463
1186 2870
1187 3766
1188 1202
1189 865
1190 942
1191 3014
1192 4144
1193 3026
1194 3757
1195 3882
1196 3863
1197 2679
1198 1228
1199 667
1200 3555
1201 2656
1202 5172
1203 3532
1204 3301
1205 1177
1206 647
1207 4896
1208 4873
1209 901
1210 5144
1211 791
1212 4282
1213 4246
1214 2855
1215 5264
1216 5576
1217 3718
1218 3259
1219 2773
1220 5629
1221 473
1222 3923
1223 3071
1224 2795
1225 3746
1226 938
1227 1229
1228 665
1229 483
1230 3677
1231 5588
1232 5733
1233 3533
1234 1499
1235 968
1236 3723
1237 3745
1238 743
1239 2794
1240 3748
1241 3956
1242 950
1243 5519
1244 4565
1245 1330
1246 4557
1247 5334
1248 4354
1249 3089
1250 1756
1251 637
1252 3641
1253 4569
1254 741
1255 904
1256 4665
1257 3995
1258 3611
1259 931
1260 3510
1261 5092
1262 5108
1263 3535
1264 6725
1265 1070
1266 510
1267 2777
1268 5103
1269 3297
1270 4241
1271 3845
1272 3758
1273 1841
1274 2779
1275 3111
1276 5219
1277 3175
1278 3055
1279 4477
1280 2656
1281 3617
1282 889
1283 4714
1284 4196
1285 4116
1286 2885
1287 1301
1288 4278
1289 4237
1290 609
1291 589
1292 5090
1293 871
1294 2899
1295 4539
1296 4380
1297 2396
1298 4056
1299 3037
1300 1027
1301 665
1302 3128
1303 2975
1304 3967
1305 1459
1306 1012
1307 501
1308 635
1309 610
1310 820
1311 3492
1312 4603
1313 2536
1314 4006
1315 1986
1316 2550
1317 454
1318 3868
1319 4018
1320 1448
1321 830
1322 4674
1323 3679
1324 895
1325 4804
1326 3236
1327 2104
1328 1243
1329 754
1330 2254
1331 2962
1332 1946
1333 1356
1334 757
1335 1550
1336 669
1337 1155
1338 3714
1339 586
1340 3393
1341 3922
1342 3649
1343 871
1344 409
1345 653
1346 1142
1347 1076
1348 4440
1349 3162
1350 3308
1351 2233
1352 1072
1353 4587
1354 4222
1355 1508
1356 987
1357 2411
1358 969
1359 3114
1360 6540
1361 2696
1362 1792
1363 612
1364 1520
1365 3092
1366 5294
1367 2424
1368 4724
1369 3336
1370 6179
1371 1320
1372 5237
1373 4222
1374 2601
1375 4908
1376 2278
1377 1200
1378 2706
1379 759
1380 1114
1381 4505
1382 5585
1383 4737
1384 3700
1385 4519
1386 1058
1387 380
1388 4871
1389 2601
1390 4960
1391 4896
1392 3584
1393 4319
1394 5262
1395 3640
1396 1569
1397 4619
1398 2704
1399 3167
1400 3707
1401 3897
1402 4434
1403 3271
1404 5846
1405 1546
1406 3373
1407 2758
1408 5033
1409 2932
1410 6569
1411 3143
1412 4379
1413 4027
1414 5430
1415 1937
1416 3093
1417 3380
1418 2942
1419 3809
1420 4095
1421 4997
1422 3533
1423 2525
1424 4618
1425 3686
1426 3721
1427 3176
1428 2664
1429 2303
1430 1958
1431 2539
1432 2130
1433 2002
1434 542
1435 3938
1436 4300
1437 3710
1438 5428
1439 3746
1440 3123
1441 3887
1442 5339
1443 5277
1444 1381
1445 4080
1446 4977
1447 3229
1448 898
1449 661
1450 651
1451 658
1452 5654
1453 5552
1454 3058
1455 3896
1456 3920
1457 2547
1458 5851
1459 2394
1460 536
1461 1299
1462 2358
1463 4579
1464 4097
1465 3090
1466 3141
1467 3743
1468 4207
1469 6097
1470 3879
1471 2876
1472 4368
1473 3441
1474 3879
1475 3349
1476 4337
1477 4232
1478 3151
1479 4107
1480 2561
1481 2765
1482 713
1483 836
1484 5053
1485 5224
1486 3532
1487 1731
1488 3683
1489 4291
1490 3251
1491 2874
1492 4275
1493 3095
1494 4895
1495 4767
1496 4011
1497 4545
1498 537
1499 3079
1500 3756
1501 4889
1502 2523
1503 3705
1504 3627
1505 3291
1506 3605
1507 635
1508 3767
1509 2365
1510 4228
1511 2979
1512 1984
1513 2978
1514 6229
1515 3310
1516 5094
1517 2588
1518 3497
1519 469
1520 3971
1521 3947
1522 391
1523 655
1524 709
1525 3720
1526 967
1527 3176
1528 2512
1529 3574
1530 4554
1531 3046
1532 5244
1533 3215
1534 3568
1535 1241
1536 2489
1537 4337
1538 5150
1539 3530
1540 2738
1541 3028
1542 3870
1543 3469
1544 3759
1545 3304
1546 3274
1547 6417
1548 3381
1549 5752
1550 4158
1551 3545
1552 2188
1553 2586
1554 6450
1555 3980
1556 3900
1557 2820
1558 4615
1559 1817
1560 3013
1561 3532
1562 2213
1563 2982
1564 2686
1565 2984
1566 3346
1567 433
1568 2632
1569 3761
1570 3212
1571 4375
1572 4149
1573 3677
1574 2982
1575 3763
1576 4916
1577 4173
1578 1997
1579 5642
1580 4154
1581 4223
1582 3832
1583 2511
1584 3658
1585 3512
1586 595
1587 5384
1588 2953
1589 3972
1590 1515
1591 777
1592 4865
1593 4120
1594 4346
1595 3244
1596 3399
1597 5013
1598 5331
1599 3515
1600 4911
1601 3080
1602 2630
1603 7546
1604 4096
1605 1360
1606 3696
1607 3932
1608 3382
1609 3120
1610 4717
1611 5134
1612 2252
1613 4501
1614 3268
1615 3436
1616 3576
1617 4375
1618 3287
1619 3662
1620 5291
1621 4723
1622 5482
1623 643
1624 4186
1625 1870
1626 2699
1627 6482
1628 6252
1629 4730
1630 2579
1631 1673
1632 3951
1633 4201
1634 5448
1635 3985
1636 3326
1637 3815
1638 2993
1639 4377
1640 3003
1641 3533
1642 8983
1643 4762
1644 4323
1645 3138
1646 3925
1647 4588
1648 4547
1649 3673
1650 3291
1651 3757
1652 5410
1653 1782
1654 4293
1655 3312
1656 3867
1657 3423
1658 3213
1659 3035
1660 5348
1661 2200
1662 3796
1663 5546
1664 4995
1665 4581
1666 507
1667 2988
1668 3717
1669 1655
1670 2696
1671 2975
1672 5486
1673 4415
1674 2904
1675 2053
1676 3492
1677 1370
1678 3484
1679 5788
1680 3064
1681 1823
1682 2769
1683 6279
1684 878
1685 5891
1686 1511
1687 2481
1688 2531
1689 3993
1690 4042
1691 295
1692 675
1693 3130
1694 2993
1695 2891
1696 805
1697 2656
1698 2908
1699 3701
1700 3375
1701 5904
1702 2784
1703 3710
1704 5764
1705 3292
1706 3156
1707 3808
1708 1978
1709 4686
1710 2876
1711 3552
1712 2929
1713 3040
1714 3085
1715 4980
1716 4873
1717 4337
1718 989
1719 2760
1720 4232
1721 4836
1722 4734
1723 3184
1724 5137
1725 5238
1726 4190
1727 4045
1728 3457
1729 4110
1730 3273
1731 2442
1732 2928
1733 4327
1734 3945
1735 3706
1736 4741
1737 5396
1738 3283
1739 2879
1740 3819
1741 965
1742 4873
1743 6023
1744 411
1745 3278
1746 3101
1747 4035
1748 5329
1749 5319
1750 3222
1751 5227
1752 3205
1753 3975
1754 5717
1755 2111
1756 1816
1757 3228
1758 5170
1759 2928
1760 5313
1761 3017
1762 5291
1763 3909
1764 3324
1765 2079
1766 4081
1767 4629
1768 3921
1769 2606
1770 3312
1771 3252
1772 2911
1773 1298
1774 4235
1775 2304
1776 1548
1777 737
1778 3304
1779 1575
1780 3106
1781 4867
1782 2080
1783 3133
1784 3064
1785 3810
1786 3617
1787 2543
1788 2066
1789 3689
1790 2534
1791 4184
1792 4994
1793 2976
1794 4179
1795 3435
1796 3325
1797 3998
1798 3946
1799 2994
1800 3868
1801 4122
1802 3619
1803 1487
1804 5609
1805 5363
1806 4888
1807 3501
1808 5821
1809 4015
1810 4723
1811 3214
1812 3783
1813 4385
1814 5334
1815 3323
1816 2319
1817 1986
1818 3391
1819 2882
1820 6168
1821 3332
1822 4820
1823 2959
1824 1590
1825 715
1826 3715
1827 3764
1828 1930
1829 2392
1830 1992
1831 4601
1832 3868
1833 1457
1834 2284
1835 2785
1836 3611
1837 1813
1838 3134
1839 3695
1840 4453
1841 5318
1842 3156
1843 2375
1844 4220
1845 3767
1846 2894
1847 2675
1848 4199
1849 3409
1850 1427
1851 5082
1852 2051
1853 3553
1854 3853
1855 2586
1856 4056
1857 5771
1858 4280
1859 6228
1860 3330
1861 3636
1862 3628
1863 3326
1864 3229
1865 1390
1866 5429
1867 4939
1868 4425
1869 1929
1870 445
1871 861
1872 354
1873 2814
1874 3315
1875 2853
1876 3678
1877 4174
1878 3549
1879 4764
1880 3792
1881 2798
1882 2124
1883 1726
1884 4452
1885 3009
1886 4093
1887 920
1888 645
1889 284
1890 5358
1891 4043
1892 2349
1893 3991
1894 960
1895 4168
1896 464
1897 5331
1898 2662
1899 3646
1900 2896
1901 546
1902 1146
1903 2976
1904 3966
1905 3145
1906 4175
1907 4027
1908 2737
1909 4565
1910 3172
1911 4873
1912 4069
1913 1542
1914 3125
1915 2886
1916 3475
1917 4352
1918 2598
1919 6255
1920 4547
1921 4511
1922 1997
1923 3372
1924 2397
1925 5037
1926 4280
1927 4215
1928 3756
1929 1333
1930 5919
1931 4121
1932 921
1933 3563
1934 3484
1935 2258
1936 3990
1937 4085
1938 4041
1939 4740
1940 3099
1941 958
1942 4196
1943 2416
1944 5564
1945 2779
1946 348
1947 3125
1948 2725
1949 4504
1950 1563
1951 2331
1952 636
1953 2729
1954 3105
1955 3639
1956 3243
1957 4905
1958 4040
1959 2739
1960 4227
1961 2651
1962 3621
1963 5048
1964 2963
1965 888
1966 3176
1967 729
1968 311
1969 2257
1970 5701
1971 3213
1972 4453
1973 2902
1974 3425
1975 2554
1976 4312
1977 4463
1978 3189
1979 5015
1980 4539
1981 3916
1982 3276
1983 4018
1984 3986
1985 4112
1986 3961
1987 5362
1988 2884
1989 3034
1990 3037
1991 4022
1992 6492
1993 4185
1994 3369
1995 2916
1996 3490
1997 4103
1998 3085
1999 2624
2000 4526
2001 2509
2002 1951
2003 3303
2004 1561
2005 4595
2006 2650
2007 4984
2008 2681
2009 2942
2010 2404
2011 6268
2012 3952
2013 3096
2014 2674
2015 4435
2016 3032
2017 2185
2018 3270
2019 3701
2020 4400
2021 5718
2022 2893
2023 2531
2024 3445
2025 3198
2026 2552
2027 2569
2028 3743
2029 3005
2030 3954
2031 3848
2032 3705
2033 3742
2034 5023
2035 3197
2036 3748
2037 3240
2038 1874
2039 3633
2040 1886
2041 2759
2042 615
2043 5573
2044 3861
2045 4420
2046 1773
2047 5030
2048 4361
2049 3809
2050 4338
2051 4934
2052 4100
2053 4491
2054 4295
2055 3207
2056 3452
2057 3421
2058 3244
2059 2196
2060 4578
2061 3091
2062 4245
2063 3768
2064 3263
2065 2935
2066 1738
2067 913
2068 572
2069 3799
2070 3047
2071 1727
2072 927
2073 1576
2074 2285
2075 3059
2076 1684
2077 422
2078 586
2079 309
2080 1072
2081 3953
2082 3980
2083 3646
2084 2932
2085 3234
2086 3545
2087 4442
2088 3754
2089 4085
2090 4433
2091 3479
2092 3663
2093 2820
2094 3534
2095 3091
2096 5049
2097 2542
2098 2893
2099 532
2100 3975
2101 1902
2102 4570
2103 4807
2104 1492
2105 3310
2106 5522
2107 3516
2108 4858
2109 5059
2110 4279
2111 4044
2112 989
2113 4147
2114 2497
2115 2518
2116 2995
2117 3646
2118 1468
2119 3432
2120 5437
2121 2720
2122 2036
2123 4844
2124 3849
2125 3174
2126 3692
2127 3816
2128 3776
2129 2949
2130 3906
2131 2451
2132 4085
2133 3407
2134 5800
2135 4546
2136 5169
2137 3515
2138 4016
2139 3208
2140 4739
2141 2828
2142 4238
2143 3446
2144 2264
2145 4441
2146 2675
2147 4933
2148 3344
2149 2718
2150 2837
2151 2709
2152 5810
2153 3659
2154 4367
2155 3687
2156 2875
2157 4469
2158 3846
2159 2624
2160 3919
2161 2678
2162 4290
2163 2239
2164 3118
2165 2580
2166 4124
2167 1928
2168 4412
2169 3444
2170 5224
2171 2623
2172 3364
2173 4619
2174 5219
2175 3603
2176 4058
2177 1768
2178 5283
2179 2076
2180 3358
2181 2698
2182 4007
2183 2847
2184 2732
2185 5900
2186 4324
2187 2920
2188 3335
2189 5139
2190 1666
2191 3874
2192 3464
2193 3508
2194 4640
2195 2704
2196 3222
2197 3989
2198 3505
2199 5629
2200 2786
2201 3900
2202 4810
2203 4169
2204 6073
2205 3913
2206 4063
2207 3218
2208 2636
2209 4599
2210 3598
2211 5366
2212 4042
2213 4264
2214 3550
2215 2889
2216 2946
2217 4577
2218 2575
2219 1486
2220 5587
2221 2782
2222 2909
2223 2389
2224 4082
2225 4163
2226 4842
2227 4018
2228 4969
2229 3379
2230 4408
2231 2926
2232 3027
2233 3503
2234 4090
2235 3787
2236 3820
2237 3486
2238 2898
2239 4028
2240 3411
2241 4752
2242 3429
2243 4411
2244 3933
2245 3710
2246 2830
2247 3969
2248 5812
2249 3636
2250 3658
2251 4989
2252 2277
2253 3463
2254 3335
2255 5555
2256 4086
2257 3373
2258 2445
2259 4672
2260 4677
2261 3643
2262 3865
2263 4170
2264 4062
2265 5590
2266 3036
2267 3236
2268 2885
2269 6029
2270 5694
2271 5876
2272 2895
2273 5350
2274 3370
2275 3290
2276 3525
2277 3831
2278 1117
2279 2916
2280 5073
2281 3840
2282 3233
2283 3216
2284 3078
2285 2853
2286 2144
2287 4391
2288 3830
2289 5793
2290 5644
2291 3039
2292 3000
2293 3376
2294 4006
2295 3767
2296 2786
2297 3896
2298 5511
2299 3270
2300 2275
2301 3911
2302 6505
2303 2926
2304 4402
2305 4056
2306 3658
2307 4916
2308 3750
2309 3309
2310 4163
2311 3700
2312 3806
2313 2379
2314 4831
2315 4612
2316 3191
2317 4459
2318 3241
2319 3271
2320 4505
2321 3700
2322 3647
2323 6326
2324 5019
2325 2240
2326 3258
2327 2647
2328 3264
2329 2842
2330 4409
2331 3101
2332 1744
2333 3411
2334 3390
2335 1926
2336 3982
2337 2483
2338 3429
2339 3686
2340 4939
2341 4402
2342 6049
2343 2784
2344 2784
2345 2069
2346 3755
2347 3949
2348 4484
2349 4440
2350 3627
2351 6473
2352 5524
2353 3515
2354 4302
2355 5387
2356 3401
2357 3208
2358 2612
2359 3074
2360 3649
2361 4258
2362 3595
2363 3725
2364 2655
2365 3100
2366 2797
2367 3672
2368 3451
2369 5172
2370 4561
2371 4882
2372 4318
2373 3144
2374 3368
2375 3945
2376 3038
2377 4452
2378 3626
2379 5882
2380 3605
2381 5361
2382 4170
2383 2973
2384 2806
2385 3905
2386 4098
2387 3892
2388 2904
2389 4044
2390 3401
2391 3260
2392 5733
2393 4374
2394 3849
2395 4331
2396 2949
2397 1700
2398 3206
2399 3137
2400 3887
2401 5130
2402 1887
2403 5266
2404 3105
2405 4038
2406 4331
2407 3706
2408 2389
2409 3849
2410 4602
2411 4593
2412 3540
2413 3836
2414 2236
2415 3975
2416 3735
2417 3338
2418 1990
2419 2017
2420 4107
2421 4538
2422 4649
2423 4427
2424 1455
2425 2992
2426 4748
2427 1452
2428 2957
2429 3907
2430 5037
2431 4047
2432 3552
2433 1346
2434 2474
2435 1638
2436 4758
2437 5839
2438 4074
2439 2808
2440 4866
2441 2968
2442 7405
2443 3639
2444 3893
2445 4228
2446 2194
2447 4478
2448 4575
2449 3139
2450 4142
2451 5411
2452 3393
2453 3924
2454 2739
2455 3307
2456 4316
2457 5492
2458 4568
2459 5101
2460 4507
2461 3701
2462 3094
2463 3476
2464 2190
2465 4931
2466 4319
2467 3163
2468 3214
2469 4451
2470 3023
2471 3008
2472 3814
2473 2934
2474 3074
2475 3582
2476 1526
2477 3224
2478 4655
2479 3899
2480 4565
2481 4348
2482 3303
2483 3124
2484 4414
2485 5922
2486 2176
2487 4205
2488 3400
2489 4147
2490 3437
2491 2389
2492 3591
2493 3943
2494 4360
2495 3807
2496 3190
2497 3064
2498 4379
2499 6036
2500 4078
2501 4233
2502 3733
2503 1468
2504 3038
2505 3576
2506 2179
2507 2820
2508 4715
2509 3027
2510 4970
2511 3324
2512 3151
2513 5569
2514 2882
2515 2080
2516 3887
2517 4438
2518 4479
2519 3665
2520 3862
2521 3573
2522 3181
2523 4590
2524 3150
2525 3559
2526 4145
2527 1557
2528 3359
2529 3007
2530 3070
2531 4614
2532 3627
2533 5938
2534 3845
2535 3813
2536 4015
2537 3030
2538 2313
2539 2501
2540 4159
2541 4729
2542 3987
2543 4261
2544 3041
2545 3065
2546 3501
2547 4452
2548 3908
2549 3901
2550 3684
2551 2597
2552 2964
2553 3652
2554 5714
2555 3104
2556 6661
2557 3706
2558 5267
2559 2335
2560 4622
2561 5397
2562 3726
2563 1953
2564 3263
2565 3340
2566 3776
2567 2861
2568 1829
2569 3852
2570 4534
2571 2467
2572 3048
2573 2103
2574 2983
2575 4682
2576 3277
2577 5152
2578 3537
2579 1795
2580 4420
2581 4046
2582 5059
2583 3006
2584 6872
2585 4841
2586 2869
2587 2273
2588 2446
2589 3901
2590 4402
2591 3189
2592 5403
2593 1583
2594 2161
2595 2683
2596 3024
2597 3710
2598 4354
2599 1561
2600 2059
2601 1299
2602 4983
2603 4271
2604 1027
2605 3127
2606 4309
2607 5177
2608 5018
2609 2128
2610 2709
2611 3274
2612 4088
2613 7712
2614 4570
2615 2937
2616 4845
2617 2909
2618 3358
2619 5682
2620 3574
2621 3475
2622 2874
2623 2356
2624 2096
2625 3816
2626 3145
2627 5096
2628 3567
2629 4215
2630 3364
2631 4743
2632 4288
2633 6067
2634 3193
2635 3751
2636 3380
2637 5453
2638 3680
2639 3175
2640 3652
2641 4284
2642 3976
2643 3573
2644 2511
2645 6399
2646 1250
2647 6164
2648 3726
2649 4766
2650 2687
2651 3016
2652 1583
2653 3087
2654 4638
2655 4259
2656 2183
2657 3772
2658 1820
2659 1704
2660 2624
2661 2840
2662 4732
2663 3336
2664 3169
2665 3449
2666 3969
2667 4991
2668 2778
2669 3565
2670 3688
2671 1932
2672 3283
2673 3400
2674 5265
2675 2442
2676 3534
2677 3879
2678 2427
2679 2771
2680 4183
2681 6005
2682 3176
2683 2886
2684 3113
2685 3611
2686 1489
2687 2892
2688 4983
2689 4607
2690 3803
2691 5673
2692 3485
2693 3927
2694 3707
2695 4010
2696 3038
2697 2411
2698 3223
2699 4929
2700 4454
2701 3326
2702 3535
2703 3161
2704 2396
2705 3277
2706 3653
2707 4748
2708 2729
2709 4325
2710 1729
2711 3822
2712 4573
2713 4394
2714 4718
2715 3854
2716 5884
2717 3376
2718 3195
2719 3972
2720 4591
2721 5403
2722 3443
2723 2066
2724 4316
2725 4297
2726 5781
2727 3508
2728 1743
2729 3886
2730 5181
2731 4550
2732 3241
2733 5189
2734 3446
2735 3706
2736 3966
2737 6095
2738 2019
2739 3225
2740 3361
2741 2839
2742 2738
2743 2952
2744 3322
2745 5650
2746 4678
2747 3548
2748 6464
2749 4172
2750 3200
2751 3723
2752 3818
2753 3445
2754 3501
2755 3599
2756 3526
2757 3522
2758 3271
2759 8406
2760 3740
2761 5838
2762 3398
2763 4119
2764 2532
2765 4035
2766 3933
2767 4090
2768 2861
2769 2757
2770 6008
2771 2393
2772 4217
2773 2859
2774 4052
2775 2715
2776 4710
2777 3774
2778 3838
2779 4804
2780 3097
2781 4435
2782 3705
2783 3731
2784 2910
2785 5572
2786 3620
2787 3149
2788 3934
2789 2524
2790 4327
2791 4238
2792 4224
2793 4391
2794 5594
2795 4559
2796 4878
2797 2552
2798 2682
2799 3135
2800 3171
2801 5885
2802 3426
2803 5472
2804 4043
2805 4271
2806 3251
2807 1789
2808 2298
2809 5244
2810 4221
2811 4872
2812 2436
2813 2718
2814 4183
2815 4925
2816 2808
2817 2715
2818 3653
2819 1608
2820 1968
2821 3341
2822 3859
2823 5633
2824 3342
2825 2482
2826 4543
2827 2050
2828 4247
2829 3517
2830 1571
2831 2575
2832 1768
2833 2138
2834 2354
2835 2474
2836 4577
2837 3617
2838 1901
2839 3928
2840 3116
2841 3770
2842 4054
2843 4913
2844 4334
2845 3222
2846 3611
2847 3387
2848 3779
2849 3796
2850 2781
2851 3578
2852 4355
2853 3452
2854 3011
2855 2906
2856 3849
2857 2933
2858 2929
2859 3963
2860 3524
2861 2510
2862 4867
2863 4310
2864 4072
2865 2814
2866 4970
2867 5396
2868 3145
2869 3241
2870 3001
2871 5322
2872 2338
2873 1444
2874 3860
2875 1380
2876 2888
2877 2804
2878 4951
2879 3576
2880 2147
2881 1774
2882 3298
2883 3470
2884 2111
2885 753
2886 3639
2887 4825
2888 3332
2889 2840
2890 2644
2891 3814
2892 2564
2893 3567
2894 1614
2895 1357
2896 3900
2897 4380
2898 4106
2899 3331
2900 2976
2901 4009
2902 3942
2903 3156
2904 4243
2905 3194
2906 4979
2907 5127
2908 4567
2909 4112
2910 2823
2911 1969
2912 2491
2913 3797
2914 3253
2915 4090
2916 4170
2917 3437
2918 5039
2919 4019
2920 4108
2921 3114
2922 4969
2923 2533
2924 5883
2925 3659
2926 4751
2927 3223
2928 4398
2929 4502
2930 4272
2931 5525
2932 4905
2933 4025
2934 4855
2935 2983
2936 2211
2937 3402
2938 4180
2939 4276
2940 5738
2941 3846
2942 7581
2943 3745
2944 4698
2945 3478
2946 3832
2947 2634
2948 4193
2949 4613
2950 3844
2951 2671
2952 3124
2953 5362
2954 2099
2955 3902
2956 3993
2957 4098
2958 4086
2959 4049
2960 3703
2961 4125
2962 4161
2963 2911
2964 3462
2965 4206
2966 4824
2967 3774
2968 4261
2969 4260
2970 4771
2971 3494
2972 4069
2973 4017
2974 6247
2975 3937
2976 3963
2977 5336
2978 4044
2979 2271
2980 4414
2981 4737
2982 2920
2983 4412
2984 3493
2985 3912
2986 4266
2987 4027
2988 4677
2989 5381
2990 4874
2991 3499
2992 2970
2993 3659
2994 4411
2995 3758
2996 3713
2997 4209
2998 4316
2999 3393
3000 3214
3001 3646
3002 3612
3003 3458
3004 3125
3005 5290
3006 6113
3007 2834
3008 3245
3009 4756
3010 3673
3011 4208
3012 3511
3013 4418
3014 2768
3015 3651
3016 3874
3017 4853
3018 3696
3019 5041
3020 3919
3021 4157
3022 3148
3023 4997
3024 3511
3025 2899
3026 3274
3027 2727
3028 3680
3029 3123
3030 2550
3031 4074
3032 3564
3033 3933
3034 4510
3035 4362
3036 5492
3037 4022
3038 4456
3039 4694
3040 5814
3041 5756
3042 5195
3043 2770
3044 3667
3045 4349
3046 3856
3047 5972
3048 5694
3049 4337
3050 2341
3051 3643
3052 2786
3053 5808
3054 5656
3055 5929
3056 5580
3057 4248
3058 3712
3059 4926
3060 4274
3061 4271
3062 2901
3063 3821
3064 5081
3065 3633
3066 4595
3067 3361
3068 3504
3069 4582
3070 3636
3071 3342
3072 4082
3073 3420
3074 4093
3075 4931
3076 2650
3077 3629
3078 5325
3079 3638
3080 3955
3081 4763
3082 3777
3083 3550
3084 5643
3085 4245
3086 3092
3087 3555
3088 3294
3089 3145
3090 4164
3091 4620
3092 4198
3093 3421
3094 3236
3095 3197
3096 3735
3097 4372
3098 4513
3099 3321
3100 3866
3101 3533
3102 3561
3103 2722
3104 3689
3105 2160
3106 3083
3107 2251
3108 4563
3109 2484
3110 2858
3111 3595
3112 4558
3113 3499
3114 3435
3115 2781
3116 4266
3117 3317
3118 2892
3119 3761
3120 3433
3121 3445
3122 3651
3123 3329
3124 3009
3125 2409
3126 5106
3127 5016
3128 3280
3129 4080
3130 2809
3131 5240
3132 4515
3133 3778
3134 3748
3135 4078
3136 3261
3137 3758
3138 4531
3139 3266
3140 3282
3141 4186
3142 4517
3143 4728
3144 3696
3145 4707
3146 3792
3147 4024
3148 5057
3149 3667
3150 4612
3151 4369
3152 5985
3153 2454
3154 3244
3155 2938
3156 2602
3157 3246
3158 4468
3159 3129
3160 3930
3161 2659
3162 3432
3163 3689
3164 3851
3165 3647
3166 2688
3167 3586
3168 4451
3169 4889
3170 3952
3171 4721
3172 4285
3173 3595
3174 3727
3175 4309
3176 3974
3177 3741
3178 3786
3179 3774
3180 3615
3181 3864
3182 3020
3183 2911
3184 4527
3185 3349
3186 2610
3187 2953
3188 3131
3189 2277
3190 3919
3191 3618
3192 3429
3193 3758
3194 2961
3195 3115
3196 3282
3197 2829
3198 2651
3199 2598
3200 6115
3201 2598
3202 3027
3203 2887
3204 3135
3205 3407
3206 3204
3207 2957
3208 3206
3209 5722
3210 3819
3211 4223
3212 3087
3213 2470
3214 2736
3215 3568
3216 3603
3217 4478
3218 4573
3219 4668
3220 4533
3221 3715
3222 2934
3223 5557
3224 5111
3225 3271
3226 4474
3227 3702
3228 4295
3229 4360
3230 5478
3231 4030
3232 3876
3233 4292
3234 5056
3235 5668
3236 3365
3237 3744
3238 3473
3239 4337
3240 4392
3241 4406
3242 3778
3243 3560
3244 3313
3245 3233
3246 3899
3247 3869
3248 4693
3249 3498
3250 3306
3251 3989
3252 4147
3253 5379
3254 3843
3255 4410
3256 2388
3257 4122
3258 2977
3259 3042
3260 2926
3261 4072
3262 3690
3263 5885
3264 3286
3265 3059
3266 3586
3267 2889
3268 3866
3269 4520
3270 2595
3271 3756
3272 2987
3273 3512
3274 3459
3275 4701
3276 2818
3277 3491
3278 3142
3279 3941
3280 3127
3281 3349
3282 4176
3283 3990
3284 2987
3285 3052
3286 3930
3287 4288
3288 3722
3289 5935
3290 3073
3291 3286
3292 3129
3293 3163
3294 4950
3295 4644
3296 2561
3297 3860
3298 3837
3299 5522
3300 4206
3301 3360
3302 4601
3303 3382
3304 4628
3305 4349
3306 5721
3307 5513
3308 4910
3309 4128
3310 5034
3311 4624
3312 4620
3313 4122
3314 3275
3315 3424
3316 4221
3317 3966
3318 4151
3319 3650
3320 5584
3321 3043
3322 4416
3323 3571
3324 3061
3325 3110
3326 2358
3327 5086
3328 4355
3329 3127
3330 5154
3331 4968
3332 2509
3333 4517
3334 3228
3335 2835
3336 3378
3337 3936
3338 3422
3339 3696
3340 3993
3341 4723
3342 4810
3343 2858
3344 2985
3345 3026
3346 3623
3347 5317
3348 4074
3349 5351
3350 3866
3351 3260
3352 3227
3353 3107
3354 3178
3355 2944
3356 2437
3357 3903
3358 3728
3359 4019
3360 3403
3361 3835
3362 4424
3363 4817
3364 4856
3365 6865
3366 5337
3367 3433
3368 4778
3369 3069
3370 4198
3371 2296
3372 3199
3373 3322
3374 3764
3375 4495
3376 5490
3377 3225
3378 4074
3379 4481
3380 3413
3381 3925
3382 2887
3383 3277
3384 3487
3385 3555
3386 3223
3387 5049
3388 4308
3389 4917
3390 2934
3391 4978
3392 5362
3393 4760
3394 2792
3395 3775
3396 3294
3397 3915
3398 3146
3399 3721
3400 3467
3401 4676
3402 4431
3403 4403
3404 3370
3405 3140
3406 3415
3407 3449
3408 3900
3409 4070
3410 4067
3411 2493
3412 4080
3413 4101
3414 4611
3415 4617
3416 2800
3417 2653
3418 4737
3419 3503
3420 3761
3421 5500
3422 3098
3423 4150
3424 5384
3425 3403
3426 4658
3427 4618
3428 2931
3429 4467
3430 3910
3431 3099
3432 4861
3433 4495
3434 3106
3435 5178
3436 4377
3437 4976
3438 3112
3439 4461
3440 3716
3441 3577
3442 4591
3443 3232
3444 3818
3445 3999
3446 3346
3447 4194
3448 3528
3449 2988
3450 4297
3451 4006
3452 4102
3453 4335
3454 4432
3455 3069
3456 6794
3457 5807
3458 3857
3459 4776
3460 2384
3461 3445
3462 4756
3463 4232
3464 2728
3465 4484
3466 3809
3467 3148
3468 3553
3469 2827
3470 3615
3471 3800
3472 4592
3473 3932
3474 2558
3475 3578
3476 5414
3477 4777
3478 3403
3479 3991
3480 3306
3481 3011
3482 3725
3483 4013
3484 2860
3485 4296
3486 3745
3487 4609
3488 4082
3489 3997
3490 3794
3491 4322
3492 3207
3493 4268
3494 3928
3495 2526
3496 4217
3497 3968
3498 5470
3499 4609
3500 4094
3501 4449
3502 6608
3503 4335
3504 3139
3505 3608
3506 4584
3507 3116
3508 4344
3509 3523
3510 2933
3511 3480
3512 3539
3513 4204
3514 4658
3515 2517
3516 4429
3517 4536
3518 4405
3519 5950
3520 4182
3521 2782
3522 3416
3523 2878
3524 2502
3525 3114
3526 2897
3527 2833
3528 3338
3529 3427
3530 3711
3531 5251
3532 4147
3533 3000
3534 4013
3535 5350
3536 2671
3537 2880
3538 3498
3539 4625
3540 2993
3541 3550
3542 4749
3543 3739
3544 3795
3545 6429
3546 5186
3547 3154
3548 4398
3549 2423
3550 3403
3551 5589
3552 2857
3553 4723
3554 3502
3555 3435
3556 3036
3557 3413
3558 3790
3559 4214
3560 3170
3561 4158
3562 2804
3563 3816
3564 3943
3565 3058
3566 2952
3567 3095
3568 3449
3569 4447
3570 2984
3571 4352
3572 3849
3573 4414
3574 3447
3575 3594
3576 4942
3577 4182
3578 5154
3579 5133
3580 5579
3581 5868
3582 2601
3583 3841
3584 4004
3585 3363
3586 3875
3587 6088
3588 3892
3589 5111
3590 4286
3591 4899
3592 3923
3593 3777
3594 6277
3595 4603
3596 3706
3597 3647
3598 3176
3599 3791
3600 2348
3601 3631
3602 4464
3603 3246
3604 4696
3605 3843
3606 4747
3607 4285
3608 3317
3609 3749
3610 4488
3611 5291
3612 3649
3613 3370
3614 3305
3615 3340
3616 3788
3617 2394
3618 3747
3619 4945
3620 2729
3621 3801
3622 5177
3623 3629
3624 5057
3625 4037
3626 3021
3627 3642
3628 2933
3629 4047
3630 3918
3631 2751
3632 4429
3633 4150
3634 3329
3635 5297
3636 4847
3637 3033
3638 4897
3639 4468
3640 3958
3641 3375
3642 4082
3643 5657
3644 4366
3645 3208
3646 5252
3647 2776
3648 4906
3649 3142
3650 3666
3651 5773
3652 4416
3653 3052
3654 3949
3655 5127
3656 4340
3657 3905
3658 2954
3659 2688
3660 3354
3661 2761
3662 3827
3663 3396
3664 3403
3665 5910
3666 4640
3667 3766
3668 3189
3669 4059
3670 4508
3671 3411
3672 3072
3673 4206
3674 2818
3675 3889
3676 3079
3677 2739
3678 4340
3679 3937
3680 2740
3681 4242
3682 4150
3683 3952
3684 5555
3685 5639
3686 2675
3687 2391
3688 5371
3689 4146
3690 4028
3691 2897
3692 4670
3693 3442
3694 3274
3695 3864
3696 4580
3697 4401
3698 2496
3699 3751
3700 3878
3701 3049
3702 4906
3703 5058
3704 3878
3705 3536
3706 3614
3707 3442
3708 3431
3709 5537
3710 3180
3711 4519
3712 5285
3713 2864
3714 2325
3715 2487
3716 5350
3717 4008
3718 5694
3719 4365
3720 4888
3721 4187
3722 2367
3723 4404
3724 3535
3725 3492
3726 4169
3727 3874
3728 4019
3729 3712
3730 3341
3731 5573
3732 5928
3733 4462
3734 4710
3735 2816
3736 3345
3737 3441
3738 4572
3739 4153
3740 4403
3741 2963
3742 4336
3743 2751
3744 4199
3745 3512
3746 5439
3747 4248
3748 3266
3749 3557
3750 6636
3751 4310
3752 2377
3753 5663
3754 3638
3755 3274
3756 3016
3757 5244
3758 4006
3759 1518
3760 5327
3761 3213
3762 3685
3763 4162
3764 3498
3765 2982
3766 2424
3767 5523
3768 3776
3769 3790
3770 4282
3771 4537
3772 3898
3773 3814
3774 5670
3775 3840
3776 3307
3777 3799
3778 3766
3779 3612
3780 4405
3781 2631
3782 3719
3783 4132
3784 2991
3785 3480
3786 5256
3787 4857
3788 3787
3789 2802
3790 4304
3791 2799
3792 4085
3793 4063
3794 3756
3795 4001
3796 2795
3797 5228
3798 3550
3799 3075
3800 2972
3801 2851
3802 3904
3803 3927
3804 5922
3805 4142
3806 3900
3807 5921
3808 3431
3809 2172
3810 5328
3811 5048
3812 4187
3813 5151
3814 3524
3815 5416
3816 3772
3817 4660
3818 3019
3819 3557
3820 5573
3821 3695
3822 3526
3823 3653
3824 3439
3825 3765
3826 3440
3827 4773
3828 2130
3829 5172
3830 5518
3831 4650
3832 3737
3833 4602
3834 3664
3835 3887
3836 3141
3837 4273
3838 2896
3839 4178
3840 4060
3841 3819
3842 4371
3843 5498
3844 3489
3845 4052
3846 3047
3847 3750
3848 4145
3849 4355
3850 3659
3851 3516
3852 3002
3853 3527
3854 3266
3855 3368
3856 3745
3857 3770
3858 4446
3859 3641
3860 4764
3861 2694
3862 4692
3863 4807
3864 3291
3865 3431
3866 6398
3867 2601
3868 4343
3869 3187
3870 2495
3871 4317
3872 3367
3873 4186
3874 2847
3875 3184
3876 4859
3877 3224
3878 3342
3879 3688
3880 2350
3881 4820
3882 2757
3883 3971
3884 3013
3885 4001
3886 2693
3887 2931
3888 3984
3889 3384
3890 3219
3891 3742
3892 5303
3893 4749
3894 3536
3895 4761
3896 3328
3897 3984
3898 5111
3899 4089
3900 3102
3901 2600
3902 2534
3903 2076
3904 5400
3905 2843
3906 4367
3907 3306
3908 3282
3909 2686
3910 7207
3911 3433
3912 3733
3913 3740
3914 3386
3915 2612
3916 4446
3917 5851
3918 4513
3919 5246
3920 6751
3921 3439
3922 5004
3923 2938
3924 3838
3925 4027
3926 3714
3927 4155
3928 5541
3929 3879
3930 5324
3931 3458
3932 3451
3933 3073
3934 2779
3935 4700
3936 2805
3937 3701
3938 4206
3939 3334
3940 2910
3941 2636
3942 4221
3943 5073
3944 4193
3945 5071
3946 4186
3947 2509
3948 3081
3949 6559
3950 3937
3951 1931
3952 3032
3953 5894
3954 4063
3955 5779
3956 3761
3957 4408
3958 3198
3959 4587
3960 2647
3961 2183
3962 3263
3963 3178
3964 2786
3965 4108
3966 3634
3967 4447
3968 2963
3969 3304
3970 2945
3971 3235
3972 3401
3973 4283
3974 3836
3975 3755
3976 3897
3977 4195
3978 2802
3979 4411
3980 5042
3981 2895
3982 3161
3983 4359
3984 3972
3985 4430
3986 3046
3987 3919
3988 3614
3989 4998
3990 4176
3991 3981
3992 3835
3993 2824
3994 4889
3995 3338
3996 2904
3997 3348
3998 3142
3999 2300
4000 3058
4001 3533
4002 3157
4003 4023
4004 4958
4005 4154
4006 2842
4007 6066
4008 7134
4009 1713
4010 1664
4011 2152
4012 3050
4013 4221
4014 5456
4015 4993
4016 4119
4017 3241
4018 3644
4019 3840
4020 4295
4021 2985
4022 3193
4023 4577
4024 3286
4025 3165
4026 3892
4027 6010
4028 4238
4029 4147
4030 3560
4031 5723
4032 4816
4033 3223
4034 1588
4035 5150
4036 3725
4037 2954
4038 3272
4039 4709
4040 4827
4041 3568
4042 5168
4043 3656
4044 2633
4045 5265
4046 2722
4047 4924
4048 2693
4049 3811
4050 3483
4051 2738
4052 4025
4053 3991
4054 3333
4055 5917
4056 3092
4057 3990
4058 3826
4059 4069
4060 3903
4061 2167
4062 2162
4063 2461
4064 4039
4065 4103
4066 3586
4067 4528
4068 3924
4069 4268
4070 3495
4071 4781
4072 4830
4073 2413
4074 3465
4075 4005
4076 3666
4077 4025
4078 4481
4079 4736
4080 3135
4081 2944
4082 4711
4083 3164
4084 3871
4085 4498
4086 3923
4087 4023
4088 3410
4089 3181
4090 3504
4091 5020
4092 3297
4093 4627
4094 3295
4095 3884
4096 2843
4097 4268
4098 2560
4099 3885
4100 4204
4101 4218
4102 4641
4103 3046
4104 4468
4105 3246
4106 2859
4107 4993
4108 4421
4109 3524
4110 4418
4111 5321
4112 4784
4113 3820
4114 2583
4115 4441
4116 4725
4117 4819
4118 4043
4119 3314
4120 4183
4121 3476
4122 3263
4123 3480
4124 4785
4125 4032
4126 4213
4127 4534
4128 4285
4129 3979
4130 3969
4131 2897
4132 3384
4133 6183
4134 3459
4135 3222
4136 4014
4137 4896
4138 4322
4139 4918
4140 3429
4141 3672
4142 4694
4143 3373
4144 4094
4145 3645
4146 5950
4147 5197
4148 6335
4149 4750
4150 3973
4151 2665
4152 3508
4153 4009
4154 3971
4155 4763
4156 5870
4157 8070
4158 3391
4159 3729
4160 3069
4161 3697
4162 3533
4163 3338
4164 3239
4165 3369
4166 4040
4167 3370
4168 2799
4169 3686
4170 2794
4171 3558
4172 3172
4173 3032
4174 4635
4175 2385
4176 2768
4177 4728
4178 3316
4179 4574
4180 5337
4181 2343
4182 4149
4183 4124
4184 2784
4185 5084
4186 4407
4187 4399
4188 4053
4189 3829
4190 3558
4191 4548
4192 3079
4193 3947
4194 3587
4195 4523
4196 4562
4197 2849
4198 3442
4199 2826
4200 3856
4201 3998
4202 4007
4203 2945
4204 2933
4205 2564
4206 3048
4207 3858
4208 3719
4209 2985
4210 3707
4211 2678
4212 4605
4213 5454
4214 3053
4215 3152
4216 2914
4217 3638
4218 3540
4219 4174
4220 3917
4221 3852
4222 3073
4223 4019
4224 3861
4225 2794
4226 3179
4227 4225
4228 4845
4229 4732
4230 5648
4231 4823
4232 5099
4233 3206
4234 3809
4235 2945
4236 3673
4237 4623
4238 3089
4239 3391
4240 4384
4241 4301
4242 3736
4243 3110
4244 6029
4245 3834
4246 4214
4247 3813
4248 3257
4249 4205
4250 3271
4251 3151
4252 3280
4253 5192
4254 3829
4255 3454
4256 2995
4257 4225
4258 3244
4259 3493
4260 3305
4261 6338
4262 6693
4263 4695
4264 3771
4265 4386
4266 3556
4267 2889
4268 4570
4269 3151
4270 3020
4271 5015
4272 5292
4273 3086
4274 4314
4275 4322
4276 2614
4277 3167
4278 3724
4279 5589
4280 4498
4281 3078
4282 4587
4283 5546
4284 6430
4285 5889
4286 4482
4287 3697
4288 2576
4289 3536
4290 4131
4291 3646
4292 3711
4293 5511
4294 3427
4295 3208
4296 3513
4297 3722
4298 3917
4299 4664
4300 4849
4301 2635
4302 4223
4303 4086
4304 4176
4305 3834
4306 3961
4307 4837
4308 1931
4309 1385
4310 1534
4311 4481
4312 3645
4313 3290
4314 3412
4315 5665
4316 3167
4317 4667
4318 2655
4319 3817
4320 4356
4321 3801
4322 3853
4323 3459
4324 3855
4325 3054
4326 3843
4327 3048
4328 3282
4329 5901
4330 4134
4331 3856
4332 3101
4333 4443
4334 3840
4335 4235
4336 3616
4337 3851
4338 3844
4339 4922
4340 4863
4341 4283
4342 3281
4343 2897
4344 2989
4345 3470
4346 3120
4347 2842
4348 3205
4349 4072
4350 3783
4351 4213
4352 3972
4353 2559
4354 3309
4355 4594
4356 4985
4357 4226
4358 2329
4359 3020
4360 3115
4361 4260
4362 3171
4363 2242
4364 3762
4365 3511
4366 7095
4367 4547
4368 3174
4369 3597
4370 3949
4371 3960
4372 3425
4373 3857
4374 5447
4375 4635
4376 3791
4377 1595
4378 3565
4379 3645
4380 3799
4381 3173
4382 3365
4383 3251
4384 4808
4385 3220
4386 2561
4387 4236
4388 3507
4389 2039
4390 3566
4391 3172
4392 2920
4393 2797
4394 4457
4395 4845
4396 4233
4397 2898
4398 4432
4399 4923
4400 4165
4401 2742
4402 4290
4403 4036
4404 3324
4405 4280
4406 3781
4407 3670
4408 3851
4409 3423
4410 2767
4411 4669
4412 3683
4413 4613
4414 2625
4415 4468
4416 3016
4417 4124
4418 3279
4419 3089
4420 3106
4421 3839
4422 5050
4423 4916
4424 3404
4425 3768
4426 3285
4427 5227
4428 2985
4429 4846
4430 5983
4431 3643
4432 3903
4433 3020
4434 4547
4435 4472
4436 3337
4437 3440
4438 3612
4439 4790
4440 2963
4441 3985
4442 3402
4443 5290
4444 2475
4445 3741
4446 2913
4447 3385
4448 4790
4449 3777
4450 3608
4451 2919
4452 2661
4453 2677
4454 2995
4455 4164
4456 2617
4457 3082
4458 3357
4459 4255
4460 3500
4461 2283
4462 3577
4463 5789
4464 3384
4465 5920
4466 4408
4467 3114
4468 2970
4469 4387
4470 4240
4471 5383
4472 4493
4473 4664
4474 3894
4475 2103
4476 3892
4477 5354
4478 2705
4479 3450
4480 3095
4481 3182
4482 4729
4483 3562
4484 3351
4485 3412
4486 3822
4487 3235
4488 4479
4489 4424
4490 2901
4491 3807
4492 4006
4493 5342
4494 2982
4495 3744
4496 2809
4497 5581
4498 4915
4499 2012
4500 2432
4501 3274
4502 3163
4503 5344
4504 5167
4505 3361
4506 3759
4507 3186
4508 3827
4509 3531
4510 5281
4511 4533
4512 4075
4513 3195
4514 3995
4515 2701
4516 4822
4517 3543
4518 5758
4519 5723
4520 3718
4521 3302
4522 3056
4523 5963
4524 2807
4525 3153
4526 4697
4527 4132
4528 4098
4529 2820
4530 4264
4531 3223
4532 2878
4533 3335
4534 3091
4535 4531
4536 4765
4537 3012
4538 2683
4539 2557
4540 2547
4541 3124
4542 3309
4543 4697
4544 4042
4545 4525
4546 3308
4547 2743
4548 3834
4549 4142
4550 2868
4551 3466
4552 3003
4553 3097
4554 4251
4555 4803
4556 3154
4557 4744
4558 3234
4559 6362
4560 2246
4561 4486
4562 2789
4563 4954
4564 3807
4565 5097
4566 2304
4567 4659
4568 5012
4569 3272
4570 4430
4571 3431
4572 4057
4573 3355
4574 2122
4575 3263
4576 3937
4577 3822
4578 1907
4579 3377
4580 4127
4581 5585
4582 3425
4583 3939
4584 3042
4585 3028
4586 4494
4587 5485
4588 3707
4589 5107
4590 4202
4591 3347
4592 3672
4593 2776
4594 3916
4595 3264
4596 3883
4597 5438
4598 2850
4599 3937
4600 4240
4601 3031
4602 4274
4603 4511
4604 3442
4605 4054
4606 2442
4607 4347
4608 4457
4609 5437
4610 4651
4611 4730
4612 4303
4613 5612
4614 4561
4615 2850
4616 4179
4617 3793
4618 5751
4619 3921
4620 3996
4621 3847
4622 3233
4623 4605
4624 4823
4625 4571
4626 3572
4627 2801
4628 2988
4629 4795
4630 2953
4631 4547
4632 2759
4633 4650
4634 6152
4635 3811
4636 4372
4637 2865
4638 4482
4639 3075
4640 4438
4641 4695
4642 5127
4643 3237
4644 1390
4645 4116
4646 3672
4647 2862
4648 3472
4649 3679
4650 4946
4651 4176
4652 3253
4653 5069
4654 3456
4655 2771
4656 2378
4657 2950
4658 4341
4659 3736
4660 4455
4661 3352
4662 3545
4663 3980
4664 3583
4665 3431
4666 3597
4667 4110
4668 4958
4669 2508
4670 3950
4671 3293
4672 2714
4673 3371
4674 3394
4675 4813
4676 2789
4677 3636
4678 3859
4679 5433
4680 3027
4681 2336
4682 3850
4683 3569
4684 2094
4685 3425
4686 3192
4687 4338
4688 4038
4689 2755
4690 3395
4691 2822
4692 3592
4693 3835
4694 2479
4695 4195
4696 3954
4697 3966
4698 2775
4699 2767
4700 2221
4701 4525
4702 2746
4703 4537
4704 4582
4705 3220
4706 2979
4707 3322
4708 3371
4709 4664
4710 3830
4711 3132
4712 4822
4713 2534
4714 2947
4715 4365
4716 2359
4717 2485
4718 5835
4719 4447
4720 2901
4721 3516
4722 4305
4723 5272
4724 4689
4725 2684
4726 3935
4727 3291
4728 3472
4729 3860
4730 5654
4731 4213
4732 3235
4733 2911
4734 2746
4735 3021
4736 2924
4737 4622
4738 4895
4739 2903
4740 3951
4741 4633
4742 3833
4743 3968
4744 3580
4745 3714
4746 4198
4747 4125
4748 2771
4749 3725
4750 3988
4751 4343
4752 3918
4753 3393
4754 5548
4755 3622
4756 5646
4757 3511
4758 3358
4759 3598
4760 2799
4761 5016
4762 3016
4763 4548
4764 4997
4765 2959
4766 4079
4767 4739
4768 3359
4769 2970
4770 2886
4771 5862
4772 4174
4773 3612
4774 4350
4775 3067
4776 3070
4777 4339
4778 2989
4779 3332
4780 3013
4781 2905
4782 3429
4783 3719
4784 4476
4785 3440
4786 4157
4787 2568
4788 3367
4789 5889
4790 3805
4791 3259
4792 3780
4793 4378
4794 2403
4795 3186
4796 2668
4797 2831
4798 4887
4799 2960
4800 5178
4801 5272
4802 5671
4803 2974
4804 5740
4805 3226
4806 3037
4807 5343
4808 3209
4809 3785
4810 3174
4811 4470
4812 4202
4813 3516
4814 2109
4815 2480
4816 4689
4817 2730
4818 4634
4819 3821
4820 2944
4821 3587
4822 6643
4823 2949
4824 1960
4825 3871
4826 3298
4827 2748
4828 4858
4829 2900
4830 3974
4831 4230
4832 3046
4833 4205
4834 2889
4835 3712
4836 4259
4837 2200
4838 3656
4839 2646
4840 2882
4841 3715
4842 3612
4843 2863
4844 4232
4845 3389
4846 3197
4847 3151
4848 3488
4849 4158
4850 3243
4851 2799
4852 4450
4853 3169
4854 2988
4855 1880
4856 3615
4857 3554
4858 2966
4859 4270
4860 2864
4861 4541
4862 2443
4863 5569
4864 3921
4865 3226
4866 4008
4867 3255
4868 3235
4869 2914
4870 3670
4871 2975
4872 3033
4873 2806
4874 3213
4875 2550
4876 3020
4877 3083
4878 3177
4879 2401
4880 2101
4881 5520
4882 5042
4883 3472
4884 2701
4885 3655
4886 2809
4887 2955
4888 3567
4889 3771
4890 3235
4891 3700
4892 2966
4893 4378
4894 3423
4895 4058
4896 1970
4897 2850
4898 3877
4899 2971
4900 5072
4901 3719
4902 1251
4903 1557
4904 2581
4905 3223
4906 4240
4907 3766
4908 2792
4909 3894
4910 3683
4911 3409
4912 3180
4913 3612
4914 4021
4915 3849
4916 3311
4917 3659
4918 3557
4919 6335
4920 2705
4921 3641
4922 3021
4923 5030
4924 4062
4925 3270
4926 3142
4927 2640
4928 3212
4929 5032
4930 6598
4931 3961
4932 3353
4933 3928
4934 5148
4935 4140
4936 4293
4937 3088
4938 2959
4939 3435
4940 3749
4941 4031
4942 3646
4943 2294
4944 2999
4945 3201
4946 3961
4947 4637
4948 3385
4949 3901
4950 2863
4951 4854
4952 4337
4953 3505
4954 3169
4955 3224
4956 3925
4957 4171
4958 2417
4959 3416
4960 2931
4961 3390
4962 3042
4963 3040
4964 3337
4965 2792
4966 3562
4967 3110
4968 5092
4969 2990
4970 4048
4971 4596
4972 4005
4973 3723
4974 3108
4975 2915
4976 3535
4977 4269
4978 5713
4979 3366
4980 3367
4981 4141
4982 3198
4983 1740
4984 3715
4985 3961
4986 3096
4987 3350
4988 3524
4989 3581
4990 3604
4991 3489
4992 4149
4993 4527
4994 3396
4995 3394
4996 3406
4997 2439
4998 3650
4999 3101
5000 3641
5001 3798
5002 3186
5003 3359
5004 2967
5005 5065
5006 2867
5007 4463
5008 1785
5009 4124
5010 3035
5011 4480
5012 3288
5013 4653
5014 2951
5015 5290
5016 2833
5017 3303
5018 5053
5019 4625
5020 4993
5021 2745
5022 3578
5023 3581
5024 3321
5025 3728
5026 3930
5027 4718
5028 4812
5029 2344
5030 4759
5031 3849
5032 3913
5033 2838
5034 4308
5035 3464
5036 2954
5037 3972
5038 3589
5039 2612
5040 2985
5041 3425
5042 2998
5043 4157
5044 3643
5045 3284
5046 3100
5047 3944
5048 3498
5049 6139
5050 4260
5051 5283
5052 2779
5053 3420
5054 4995
5055 3640
5056 3084
5057 4324
5058 2663
5059 3435
5060 3847
5061 3807
5062 3302
5063 4688
5064 3005
5065 3558
5066 3769
5067 3155
5068 3107
5069 3364
5070 3591
5071 2572
5072 3108
5073 2988
5074 3576
5075 3327
5076 3795
5077 3425
5078 2652
5079 4148
5080 4412
5081 4537
5082 3716
5083 4544
5084 4897
5085 2849
5086 4458
5087 2584
5088 4757
5089 3936
5090 2371
5091 3383
5092 2888
5093 2912
5094 5765
5095 4519
5096 4438
5097 3042
5098 3090
5099 2994
5100 3775
5101 3254
5102 3893
5103 3954
5104 2815
5105 4492
5106 5279
5107 3019
5108 3431
5109 4498
5110 5591
5111 3514
5112 4533
5113 3527
5114 3300
5115 3051
5116 2391
5117 4103
5118 4349
5119 4240
5120 3701
5121 3830
5122 2074
5123 4333
5124 3324
5125 5409
5126 3023
5127 5581
5128 3856
5129 4226
5130 3176
5131 2669
5132 5347
5133 3095
5134 3449
5135 2523
5136 4440
5137 3767
5138 3647
5139 5296
5140 3370
5141 3880
5142 3839
5143 5107
5144 4488
5145 4628
5146 6573
5147 2487
5148 3626
5149 3799
5150 3360
5151 3630
5152 3696
5153 4679
5154 5046
5155 3444
5156 4263
5157 3834
5158 3357
5159 2700
5160 3531
5161 4383
5162 4364
5163 4055
5164 2920
5165 3251
5166 3036
5167 3099
5168 3232
5169 1659
5170 4650
5171 3217
5172 2813
5173 4199
5174 3338
5175 4724
5176 2577
5177 3906
5178 4726
5179 3061
5180 3466
5181 3540
5182 2833
5183 2684
5184 4021
5185 2625
5186 4337
5187 3765
5188 1790
5189 3349
5190 2920
5191 3077
5192 3215
5193 2612
5194 3236
5195 3696
5196 4390
5197 3905
5198 3039
5199 4248
5200 3979
5201 3595
5202 3105
5203 4246
5204 1095
5205 3209
5206 2547
5207 4810
5208 3763
5209 3909
5210 2824
5211 2862
5212 3212
5213 5246
5214 3601
5215 3507
5216 3718
5217 3179
5218 3957
5219 3088
5220 4815
5221 4891
5222 3984
5223 3524
5224 2871
5225 3848
5226 3144
5227 3684
5228 4278
5229 2871
5230 4214
5231 2708
5232 5948
5233 2801
5234 4727
5235 4113
5236 6514
5237 1656
5238 4104
5239 2997
5240 4045
5241 2834
5242 4562
5243 3887
5244 3227
5245 5449
5246 1739
5247 3079
5248 4311
5249 3129
5250 3506
5251 3353
5252 4500
5253 4175
5254 3220
5255 3884
5256 3568
5257 4529
5258 2077
5259 2799
5260 4465
5261 5746
5262 3833
5263 5429
5264 3224
5265 3453
5266 4154
5267 2284
5268 3061
5269 2943
5270 3162
5271 3225
5272 3944
5273 2622
5274 3347
5275 3245
5276 3412
5277 4562
5278 4577
5279 3493
5280 3008
5281 2913
5282 4105
5283 2678
5284 3176
5285 2384
5286 2841
5287 4000
5288 2831
5289 5753
5290 3949
5291 3608
5292 2903
5293 2403
5294 3602
5295 2847
5296 3100
5297 4378
5298 3627
5299 3801
5300 3965
5301 2955
5302 3775
5303 4045
5304 3138
5305 2634
5306 3789
5307 2926
5308 3649
5309 5923
5310 4621
5311 3778
5312 2795
5313 4549
5314 3643
5315 1577
5316 4890
5317 2957
5318 2764
5319 2647
5320 4639
5321 4101
5322 3548
5323 3546
5324 1938
5325 3455
5326 3282
5327 4576
5328 2196
5329 3197
5330 2653
5331 2875
5332 4340
5333 3245
5334 3697
5335 3711
5336 2692
5337 3248
5338 3449
5339 2759
5340 1702
5341 2706
5342 2854
5343 3214
5344 4647
5345 3590
5346 3621
5347 4356
5348 3656
5349 3307
5350 2943
5351 2732
5352 3107
5353 3781
5354 3405
5355 6308
5356 2661
5357 4058
5358 4094
5359 3389
5360 3543
5361 3554
5362 3594
5363 3993
5364 4192
5365 3035
5366 4559
5367 2966
5368 3207
5369 2834
5370 3691
5371 4950
5372 4146
5373 3423
5374 3348
5375 3746
5376 4021
5377 2987
5378 3326
5379 4039
5380 4117
5381 4133
5382 5381
5383 3140
5384 6662
5385 2796
5386 3019
5387 3411
5388 3267
5389 2659
5390 1357
5391 4120
5392 4212
5393 3296
5394 2879
5395 3750
5396 3192
5397 3326
5398 3879
5399 5305
5400 2386
5401 2772
5402 4833
5403 5438
5404 3274
5405 3453
5406 2945
5407 3500
5408 3577
5409 3288
5410 3992
5411 2537
5412 2756
5413 4073
5414 3169
5415 4986
5416 2950
5417 4444
5418 2712
5419 3680
5420 3302
5421 2955
5422 3158
5423 2494
5424 3383
5425 3345
5426 3143
5427 4551
5428 3170
5429 2881
5430 3503
5431 3875
5432 4382
5433 3189
5434 3533
5435 4067
5436 3432
5437 3885
5438 3819
5439 3429
5440 6539
5441 3762
5442 2827
5443 2578
5444 3819
5445 2663
5446 3882
5447 1866
5448 2736
5449 3678
5450 3056
5451 3200
5452 3127
5453 3539
5454 3196
5455 3554
5456 3346
5457 3531
5458 2808
5459 3402
5460 3132
5461 2463
5462 2838
5463 3375
5464 3583
5465 2166
5466 2949
5467 3653
5468 3363
5469 5023
5470 5051
5471 5198
5472 2859
5473 3794
5474 3749
5475 3700
5476 3251
5477 4692
5478 4290
5479 3868
5480 3754
5481 2766
5482 4192
5483 5704
5484 4436
5485 2878
5486 3106
5487 2975
5488 3424
5489 4589
5490 3812
5491 4458
5492 3440
5493 2911
5494 3738
5495 3923
5496 3698
5497 4199
5498 4478
5499 2932
5500 4085
5501 1309
5502 3316
5503 2546
5504 5115
5505 3726
5506 3608
5507 2721
5508 4359
5509 3019
5510 3198
5511 2309
5512 4840
5513 2654
5514 3395
5515 3856
5516 3598
5517 3796
5518 2492
5519 2876
5520 2494
5521 3709
5522 5824
5523 3242
5524 3057
5525 1205
5526 1230
5527 3476
5528 3151
5529 2895
5530 2871
5531 3645
5532 3398
5533 2865
5534 3197
5535 2666
5536 4737
5537 4391
5538 2826
5539 3683
5540 4128
5541 2762
5542 4683
5543 4302
5544 3636
5545 4046
5546 2963
5547 4244
5548 3391
5549 3944
5550 4172
5551 3203
5552 2927
5553 3724
5554 5211
5555 2936
5556 2469
5557 3716
5558 2946
5559 4499
5560 4354
5561 2446
5562 2716
5563 4046
5564 3139
5565 4051
5566 3515
5567 2246
5568 2165
5569 3953
5570 3245
5571 2999
5572 4551
5573 6888
5574 5360
5575 3728
5576 4424
5577 5114
5578 3739
5579 3163
5580 4782
5581 4380
5582 4483
5583 3740
5584 3366
5585 4019
5586 3916
5587 3993
5588 2271
5589 1887
5590 3350
5591 4627
5592 4919
5593 3739
5594 2770
5595 3006
5596 2157
5597 4110
5598 3260
5599 4356
5600 3029
5601 6249
5602 3491
5603 6314
5604 2232
5605 1789
5606 3280
5607 4613
5608 3547
5609 3317
5610 3010
5611 3144
5612 4207
5613 3375
5614 2448
5615 4058
5616 3401
5617 4433
5618 4926
5619 5929
5620 3519
5621 3451
5622 2815
5623 4531
5624 3621
5625 5417
5626 4308
5627 3593
5628 3273
5629 3867
5630 5416
5631 3234
5632 3629
5633 2625
5634 2530
5635 2828
5636 2970
5637 3037
5638 3294
5639 5786
5640 2899
5641 3052
5642 3499
5643 2917
5644 3331
5645 2568
5646 4174
5647 4798
5648 4024
5649 2310
5650 2961
5651 4521
5652 3992
5653 2394
5654 3436
5655 3262
5656 2852
5657 3094
5658 4544
5659 2574
5660 4355
5661 3475
5662 3522
5663 4258
5664 4289
5665 2619
5666 2969
5667 1874
5668 2924
5669 3343
5670 2107
5671 2470
5672 3062
5673 3628
5674 2398
5675 5311
5676 4190
5677 4228
5678 3613
5679 3928
5680 1312
5681 2712
5682 5393
5683 2738
5684 4429
5685 4550
5686 3256
5687 3327
5688 5293
5689 3942
5690 4547
5691 3412
5692 4846
5693 3140
5694 5322
5695 2368
5696 4081
5697 3847
5698 3049
5699 3076
5700 2749
5701 3904
5702 3845
5703 2601
5704 3665
5705 3315
5706 2117
5707 4167
5708 3423
5709 4318
5710 3437
5711 2959
5712 3176
5713 4147
5714 3741
5715 2470
5716 4315
5717 5630
5718 2050
5719 4142
5720 1983
5721 2804
5722 4901
5723 2974
5724 3962
5725 3324
5726 4511
5727 4435
5728 3722
5729 3847
5730 3370
5731 3678
5732 2107
5733 2551
5734 2294
5735 3651
5736 3122
5737 4246
5738 1929
5739 4048
5740 3224
5741 3947
5742 3835
5743 3260
5744 4005
5745 2862
5746 3805
5747 3408
5748 1095
5749 2809
5750 4380
5751 3735
5752 3262
5753 3272
5754 4744
5755 4287
5756 3926
5757 2732
5758 4289
5759 3731
5760 3321
5761 4080
5762 3139
5763 2645
5764 4237
5765 3487
5766 3470
5767 3124
5768 3352
5769 4354
5770 2840
5771 4634
5772 2689
5773 3274
5774 3345
5775 1951
5776 4662
5777 2912
5778 3276
5779 3288
5780 3837
5781 2692
5782 4368
5783 2640
5784 3691
5785 3650
5786 3846
5787 4186
5788 1253
5789 2798
5790 5164
5791 3699
5792 2230
5793 4229
5794 3684
5795 2406
5796 3578
5797 2738
5798 3520
5799 3359
5800 3477
5801 2649
5802 3835
5803 3203
5804 3198
5805 5039
5806 2783
5807 3796
5808 3479
5809 2387
5810 4464
5811 3652
5812 2922
5813 3398
5814 3808
5815 2554
5816 3513
5817 6291
5818 3155
5819 3323
5820 4135
5821 2853
5822 2795
5823 3654
5824 3664
5825 3443
5826 2767
5827 3795
5828 2415
5829 4528
5830 2454
5831 3235
5832 3666
5833 4380
5834 3482
5835 1737
5836 5404
5837 3891
5838 3241
5839 3600
5840 1890
5841 3804
5842 5884
5843 3238
5844 2593
5845 5859
5846 3578
5847 2170
5848 3605
5849 4719
5850 2937
5851 2484
5852 5177
5853 2471
5854 4320
5855 2894
5856 2746
5857 3619
5858 4439
5859 3659
5860 4074
5861 2707
5862 3314
5863 3610
5864 1978
5865 4264
5866 3218
5867 2817
5868 2314
5869 2990
5870 2873
5871 3513
5872 4917
5873 2290
5874 2805
5875 3798
5876 3596
5877 3170
5878 3640
5879 4377
5880 1550
5881 3900
5882 2898
5883 2237
5884 2530
5885 3531
5886 3271
5887 3562
5888 3188
5889 2841
5890 4097
5891 4142
5892 4281
5893 3078
5894 1557
5895 1487
5896 2879
5897 4754
5898 3551
5899 2757
5900 3027
5901 2450
5902 2691
5903 3283
5904 2515
5905 4342
5906 3028
5907 3775
5908 1840
5909 2897
5910 3760
5911 4139
5912 4688
5913 3525
5914 2857
5915 2996
5916 2415
5917 3180
5918 4752
5919 5122
5920 3840
5921 1900
5922 2380
5923 2422
5924 3178
5925 4344
5926 3287
5927 3312
5928 2626
5929 3907
5930 3109
5931 2921
5932 4785
5933 4387
5934 3464
5935 3032
5936 1893
5937 5047
5938 4663
5939 2573
5940 3593
5941 3217
5942 5140
5943 3486
5944 4524
5945 3948
5946 4269
5947 3651
5948 3509
5949 3909
5950 3169
5951 3802
5952 3873
5953 2055
5954 3901
5955 2485
5956 3711
5957 5595
5958 4479
5959 3356
5960 2845
5961 2967
5962 3106
5963 1980
5964 2272
5965 3332
5966 4304
5967 3123
5968 4725
5969 2509
5970 4448
5971 5104
5972 4425
5973 3124
5974 3432
5975 1902
5976 4738
5977 4571
5978 3302
5979 3718
5980 3545
5981 3162
5982 3497
5983 4177
5984 5779
5985 2689
5986 4100
5987 3341
5988 5380
5989 1344
5990 1301
5991 3520
5992 3183
5993 3124
5994 3816
5995 5885
5996 3014
5997 3574
5998 3512
5999 4094
6000 3095
6001 2584
6002 4742
6003 4445
6004 2603
6005 2775
6006 3792
6007 3151
6008 5191
6009 1925
6010 2761
6011 4691
6012 3560
6013 1803
6014 2425
6015 4017
6016 4547
6017 2476
6018 4253
6019 3741
6020 4334
6021 3167
6022 3693
6023 4972
6024 3421
6025 4963
6026 4546
6027 2180
6028 3407
6029 4270
6030 5532
6031 3518
6032 4921
6033 4430
6034 3971
6035 3467
6036 4263
6037 3517
6038 3828
6039 2545
6040 4382
6041 3114
6042 3318
6043 3985
6044 2872
6045 4680
6046 4377
6047 4044
6048 4445
6049 4203
6050 3608
6051 3135
6052 2896
6053 3788
6054 1880
6055 4854
6056 2607
6057 3581
6058 3336
6059 3767
6060 2128
6061 3736
6062 4161
6063 3551
6064 4202
6065 3818
6066 5181
6067 4041
6068 4661
6069 3123
6070 3461
6071 4091
6072 3488
6073 3830
6074 2948
6075 4613
6076 2676
6077 3418
6078 3461
6079 3168
6080 2812
6081 3460
6082 3258
6083 4348
6084 1794
6085 3155
6086 4367
6087 3043
6088 4934
6089 1421
6090 2858
6091 3424
6092 4371
6093 4623
6094 3307
6095 2851
6096 3150
6097 2879
6098 3377
6099 3650
6100 3229
6101 4524
6102 2534
6103 2566
6104 3226
6105 4643
6106 4377
6107 1839
6108 2093
6109 2970
6110 3300
6111 2808
6112 3480
6113 4041
6114 1666
6115 3153
6116 3897
6117 1553
6118 3863
6119 2338
6120 4433
6121 3156
6122 4870
6123 3669
6124 2417
6125 5930
6126 1876
6127 3346
6128 2665
6129 3869
6130 3720
6131 2711
6132 2756
6133 4467
6134 5249
6135 2945
6136 5016
6137 1453
6138 2473
6139 2754
6140 3887
6141 3652
6142 3599
6143 2296
6144 2637
6145 3224
6146 3263
6147 2841
6148 3118
6149 1790
6150 3343
6151 3026
6152 3200
6153 2010
6154 4261
6155 3434
6156 4412
6157 2906
6158 3310
6159 4550
6160 4221
6161 3410
6162 2947
6163 3344
6164 3880
6165 3016
6166 6784
6167 4275
6168 3275
6169 3947
6170 2301
6171 3674
6172 2676
6173 2629
6174 2861
6175 2727
6176 2852
6177 2982
6178 2112
6179 3790
6180 3964
6181 3221
6182 2350
6183 2495
6184 4244
6185 5324
6186 4020
6187 3877
6188 3628
6189 3551
6190 4983
6191 3174
6192 3969
6193 3531
6194 2669
6195 3356
6196 3140
6197 2647
6198 4758
6199 2645
6200 4543
6201 5474
6202 3175
6203 5081
6204 4338
6205 3817
6206 3847
6207 3724
6208 4629
6209 2905
6210 4949
6211 2795
6212 4028
6213 3859
6214 4404
6215 2725
6216 3175
6217 4506
6218 3539
6219 4728
6220 2970
6221 5763
6222 4073
6223 3144
6224 3307
6225 2806
6226 3699
6227 4516
6228 4125
6229 3351
6230 3683
6231 3517
6232 2906
6233 3808
6234 2925
6235 2653
6236 5368
6237 3864
6238 3203
6239 2795
6240 3769
6241 5793
6242 3265
6243 1937
6244 3462
6245 5924
6246 3603
6247 4482
6248 3498
6249 2608
6250 2531
6251 4100
6252 4713
6253 2886
6254 3933
6255 3771
6256 4593
6257 1885
6258 3160
6259 4819
6260 3226
6261 4556
6262 2548
6263 5383
6264 2934
6265 2511
6266 2155
6267 5630
6268 2820
6269 5281
6270 3786
6271 3437
6272 7014
6273 2420
6274 4781
6275 5035
6276 3295
6277 3413
6278 4158
6279 5093
6280 4358
6281 1754
6282 2387
6283 3099
6284 3078
6285 1890
6286 4579
6287 3051
6288 4368
6289 1530
6290 4198
6291 3922
6292 4051
6293 4629
6294 3331
6295 4392
6296 4217
6297 4149
6298 3075
6299 3703
6300 2398
6301 3527
6302 3946
6303 4101
6304 2873
6305 3800
6306 2816
6307 5244
6308 2628
6309 6065
6310 4912
6311 4726
6312 1308
6313 4501
6314 2685
6315 3295
6316 2835
6317 3201
6318 3710
6319 2730
6320 4084
6321 3132
6322 1701
6323 4120
6324 3086
6325 2505
6326 2241
6327 4762
6328 4426
6329 3894
6330 2971
6331 4674
6332 3405
6333 2243
6334 2932
6335 3756
6336 3382
6337 4155
6338 3017
6339 2322
6340 3085
6341 5332
6342 2523
6343 3230
6344 4185
6345 2661
6346 4326
6347 3387
6348 3345
6349 4744
6350 1657
6351 2402
6352 3514
6353 2428
6354 2703
6355 3356
6356 3579
6357 3889
6358 2866
6359 3072
6360 4689
6361 2321
6362 1939
6363 4078
6364 2244
6365 2721
6366 3654
6367 3724
6368 4915
6369 3889
6370 2280
6371 4139
6372 4066
6373 3801
6374 2929
6375 2469
6376 3855
6377 4372
6378 3701
6379 2709
6380 2713
6381 3311
6382 2219
6383 3672
6384 6029
6385 3610
6386 3683
6387 3354
6388 2144
6389 3785
6390 2988
6391 3521
6392 2837
6393 4543
6394 5131
6395 3042
6396 2300
6397 4036
6398 3768
6399 1688
6400 2551
6401 5286
6402 2974
6403 2787
6404 2957
6405 3169
6406 3248
6407 2825
6408 5017
6409 1428
6410 3365
6411 4403
6412 3576
6413 2747
6414 3775
6415 3495
6416 3673
6417 5080
6418 3032
6419 4022
6420 2543
6421 3755
6422 2927
6423 3759
6424 4206
6425 2586
6426 4818
6427 3419
6428 3568
6429 5182
6430 3013
6431 3274
6432 2940
6433 4314
6434 3095
6435 1178
6436 3248
6437 3299
6438 3290
6439 3183
6440 1505
6441 3432
6442 4047
6443 3825
6444 2950
6445 1983
6446 3227
6447 3451
6448 3831
6449 1970
6450 4137
6451 2883
6452 2405
6453 3224
6454 4387
6455 3599
6456 3327
6457 4878
6458 4561
6459 3199
6460 2738
6461 3172
6462 2829
6463 3124
6464 2492
6465 6203
6466 3579
6467 4179
6468 3752
6469 1416
6470 3414
6471 2552
6472 3920
6473 3154
6474 3337
6475 4499
6476 3066
6477 3500
6478 3237
6479 3342
6480 2481
6481 3776
6482 2311
6483 3889
6484 6283
6485 3347
6486 2266
6487 2624
6488 3346
6489 3059
6490 1970
6491 3209
6492 2796
6493 3836
6494 2778
6495 4172
6496 3811
6497 2764
6498 2484
6499 3214
6500 3465
6501 3540
6502 3194
6503 4423
6504 1933
6505 2768
6506 4274
6507 3779
6508 2562
6509 3702
6510 2217
6511 2840
6512 3813
6513 3063
6514 4191
6515 5085
6516 4313
6517 4605
6518 4026
6519 2547
6520 3752
6521 2389
6522 3256
6523 1426
6524 4609
6525 3216
6526 4183
6527 2907
6528 4249
6529 5584
6530 2940
6531 3643
6532 2481
6533 4301
6534 4025
6535 2761
6536 3196
6537 3446
6538 3334
6539 2728
6540 3393
6541 2180
6542 2588
6543 2641
6544 4288
6545 4868
6546 2742
6547 4379
6548 3312
6549 4028
6550 2237
6551 4315
6552 3822
6553 2940
6554 3834
6555 3476
6556 2557
6557 3682
6558 4210
6559 3080
6560 4550
6561 3913
6562 3557
6563 4494
6564 3120
6565 3280
6566 3295
6567 3329
6568 4554
6569 4313
6570 3750
6571 3472
6572 2814
6573 3445
6574 3946
6575 2434
6576 3983
6577 2425
6578 3888
6579 3030
6580 3680
6581 2877
6582 3216
6583 6572
6584 2801
6585 4554
6586 3577
6587 4654
6588 3846
6589 4160
6590 4334
6591 2607
6592 3340
6593 3570
6594 3819
6595 3786
6596 3918
6597 2124
6598 3758
6599 2652
6600 3175
6601 2757
6602 3416
6603 2793
6604 3899
6605 2653
6606 2732
6607 2729
6608 4413
6609 2090
6610 4383
6611 2653
6612 4423
6613 2784
6614 3394
6615 2552
6616 2882
6617 3671
6618 2192
6619 4531
6620 3963
6621 3222
6622 2751
6623 1641
6624 3243
6625 3957
6626 2767
6627 2463
6628 2732
6629 3972
6630 4432
6631 2691
6632 2830
6633 2705
6634 3172
6635 2789
6636 2240
6637 3188
6638 4054
6639 4067
6640 3570
6641 1843
6642 2489
6643 3365
6644 3878
6645 5055
6646 2946
6647 2479
6648 2756
6649 4763
6650 3978
6651 3538
6652 2916
6653 2717
6654 3994
6655 3743
6656 4059
6657 3452
6658 2822
6659 4886
6660 2849
6661 2712
6662 2659
6663 5168
6664 2439
6665 3225
6666 3817
6667 3271
6668 3846
6669 4745
6670 3967
6671 3433
6672 2790
6673 3010
6674 2859
6675 2601
6676 3190
6677 2950
6678 2970
6679 2871
6680 4804
6681 3078
6682 2982
6683 3473
6684 3533
6685 4256
6686 3668
6687 5050
6688 3015
6689 4275
6690 3918
6691 5154
6692 3414
6693 2838
6694 3172
6695 3251
6696 4564
6697 1469
6698 3527
6699 2851
6700 2643
6701 4404
6702 3178
6703 4210
6704 3144
6705 3901
6706 4868
6707 2908
6708 4449
6709 3758
6710 3578
6711 3037
6712 2631
6713 2724
6714 3888
6715 5510
6716 2609
6717 3587
6718 1304
6719 3184
6720 4582
6721 2719
6722 3269
6723 3356
6724 3716
6725 3987
6726 3049
6727 2898
6728 1960
6729 1356
6730 2825
6731 2510
6732 3642
6733 4220
6734 3161
6735 3399
6736 2811
6737 3827
6738 3902
6739 4220
6740 4728
6741 3402
6742 3517
6743 2754
6744 3413
6745 2407
6746 3469
6747 2730
6748 3539
6749 3249
6750 4184
6751 3212
6752 3347
6753 3884
6754 2806
6755 1567
6756 4364
6757 4250
6758 3975
6759 3013
6760 2219
6761 5677
6762 2667
6763 2329
6764 3380
6765 3386
6766 2803
6767 2600
6768 3144
6769 2958
6770 2269
6771 3344
6772 3593
6773 3405
6774 2291
6775 3194
6776 1594
6777 4912
6778 3887
6779 4324
6780 2280
6781 4517
6782 4076
6783 3932
6784 2228
6785 2677
6786 3474
6787 3365
6788 3236
6789 2790
6790 1503
6791 2160
6792 4423
6793 2685
6794 3808
6795 3067
6796 4578
6797 3944
6798 2586
6799 2593
6800 3272
6801 5261
6802 3249
6803 2754
6804 2724
6805 5574
6806 2732
6807 3607
6808 3822
6809 4168
6810 4376
6811 3516
6812 3005
6813 6281
6814 3997
6815 5493
6816 3989
6817 4139
6818 4840
6819 2340
6820 2568
6821 3407
6822 3233
6823 4597
6824 3781
6825 4050
6826 2117
6827 2777
6828 3716
6829 3857
6830 3260
6831 4579
6832 3842
6833 2325
6834 4492
6835 2885
6836 4161
6837 3741
6838 3273
6839 3438
6840 3286
6841 4086
6842 3958
6843 1088
6844 3434
6845 3615
6846 2497
6847 2543
6848 3419
6849 2993
6850 1855
6851 1782
6852 3120
6853 3795
6854 5324
6855 3689
6856 3475
6857 2209
6858 2635
6859 3095
6860 1658
6861 3900
6862 3117
6863 3338
6864 2498
6865 3365
6866 3132
6867 2383
6868 2731
6869 1534
6870 3270
6871 2934
6872 2652
6873 4020
6874 2844
6875 2862
6876 3627
6877 3304
6878 2709
6879 3222
6880 3227
6881 2970
6882 3333
6883 3263
6884 4396
6885 4118
6886 2657
6887 2747
6888 3905
6889 3185
6890 4480
6891 3682
6892 2435
6893 3578
6894 4368
6895 2189
6896 2945
6897 3471
6898 2804
6899 4016
6900 3801
6901 2714
6902 4099
6903 3560
6904 2255
6905 3105
6906 3461
6907 4150
6908 2369
6909 2770
6910 4046
6911 3731
6912 4998
6913 3333
6914 3717
6915 3148
6916 4008
6917 3956
6918 4873
6919 4135
6920 3281
6921 3962
6922 2606
6923 2894
6924 5002
6925 4785
6926 4195
6927 3775
6928 4158
6929 2913
6930 3092
6931 5243
6932 3784
6933 4747
6934 3981
6935 3757
6936 2877
6937 3786
6938 4229
6939 2056
6940 1930
6941 3479
6942 2978
6943 3172
6944 3547
6945 4270
6946 3108
6947 1312
6948 2380
6949 3235
6950 3642
6951 2893
6952 2538
6953 3015
6954 2716
6955 6079
6956 3075
6957 3072
6958 3489
6959 3111
6960 3061
6961 2733
6962 4240
6963 3634
6964 4187
6965 3836
6966 3454
6967 3325
6968 3073
6969 2903
6970 1816
6971 2836
6972 3748
6973 2577
6974 3134
6975 4102
6976 2655
6977 3556
6978 3150
6979 4259
6980 2619
6981 4467
6982 3345
6983 4658
6984 3400
6985 2217
6986 2586
6987 2816
6988 3691
6989 2862
6990 2222
6991 2327
6992 2722
6993 2264
6994 3771
6995 4087
6996 2161
6997 3736
6998 3574
6999 4757
7000 4504
7001 3038
7002 3731
7003 4237
7004 3360
7005 1876
7006 3853
7007 3862
7008 3099
7009 3843
7010 2751
7011 3928
7012 5589
7013 3981
7014 3705
7015 3778
7016 4342
7017 3331
7018 3466
7019 2504
7020 2592
7021 6383
7022 2970
7023 3443
7024 3859
7025 4103
7026 3017
7027 4514
7028 3656
7029 4063
7030 2689
7031 3051
7032 3009
7033 3615
7034 3046
7035 3677
7036 3805
7037 4035
7038 2918
7039 5289
7040 5159
7041 4205
7042 2400
7043 2812
7044 2995
7045 3952
7046 2779
7047 3117
7048 4030
7049 1853
7050 3856
7051 3446
7052 3113
7053 3646
7054 3342
7055 4373
7056 3151
7057 4157
7058 3507
7059 2215
7060 1250
7061 4291
7062 4164
7063 3899
7064 2231
7065 2207
7066 2402
7067 3455
7068 3990
7069 2502
7070 2506
7071 3315
7072 3653
7073 4285
7074 1223
7075 3985
7076 3276
7077 3975
7078 3157
7079 3280
7080 3895
7081 1558
7082 3967
7083 6277
7084 4022
7085 3365
7086 2535
7087 3790
7088 2884
7089 3959
7090 3341
7091 3419
7092 1699
7093 3273
7094 4450
7095 2361
7096 3671
7097 3081
7098 4786
7099 1616
7100 3579
7101 3146
7102 2638
7103 2747
7104 2960
7105 4853
7106 3874
7107 3682
7108 3585
7109 2732
7110 1670
7111 3041
7112 3965
7113 4342
7114 3387
7115 2645
7116 3681
7117 3233
7118 3084
7119 3077
7120 3800
7121 2512
7122 3494
7123 4856
7124 2718
7125 2869
7126 3934
7127 3555
7128 2896
7129 3928
7130 3264
7131 4007
7132 4981
7133 3617
7134 4387
7135 1516
7136 2900
7137 4767
7138 2499
7139 3360
7140 3075
7141 3158
7142 3038
7143 2736
7144 1233
7145 5029
7146 3158
7147 3753
7148 2872
7149 2451
7150 2786
7151 2212
7152 3389
7153 1940
7154 3511
7155 1351
7156 2892
7157 3664
7158 2596
7159 2586
7160 3730
7161 1902
7162 5526
7163 5065
7164 2730
7165 2318
7166 2896
7167 4179
7168 3395
7169 4728
7170 3503
7171 2441
7172 4763
7173 2783
7174 1902
7175 4044
7176 3303
7177 2434
7178 5698
7179 2489
7180 3402
7181 2770
7182 2808
7183 4311
7184 4173
7185 3137
7186 4220
7187 2935
7188 3349
7189 2841
7190 2705
7191 4338
7192 3990
7193 3543
7194 4454
7195 4168
7196 4092
7197 2127
7198 3125
7199 2941
7200 4079
7201 3709
7202 4626
7203 4045
7204 2882
7205 1512
7206 2464
7207 3132
7208 3729
7209 5201
7210 2561
7211 3040
7212 3691
7213 3991
7214 4018
7215 4989
7216 3835
7217 3518
7218 2501
7219 1748
7220 2472
7221 3002
7222 3277
7223 2998
7224 2692
7225 2528
7226 4961
7227 3450
7228 4778
7229 3534
7230 4713
7231 3249
7232 3571
7233 4220
7234 3289
7235 4212
7236 4977
7237 2673
7238 3546
7239 3689
7240 3926
7241 3836
7242 2950
7243 2732
7244 3482
7245 4457
7246 4962
7247 2875
7248 3152
7249 4123
7250 2801
7251 4273
7252 3060
7253 3096
7254 2659
7255 3517
7256 2703
7257 3663
7258 3255
7259 4074
7260 2538
7261 2831
7262 3029
7263 2840
7264 3040
7265 2884
7266 2044
7267 4191
7268 3349
7269 2890
7270 2383
7271 2641
7272 2263
7273 3106
7274 3251
7275 2963
7276 3140
7277 2725
7278 4010
7279 2956
7280 2959
7281 3098
7282 3203
7283 3313
7284 3510
7285 2967
7286 3663
7287 3654
7288 2322
7289 4546
7290 4605
7291 3150
7292 3786
7293 4672
7294 3183
7295 3636
7296 3090
7297 4443
7298 3027
7299 4355
7300 2768
7301 4707
7302 3819
7303 3758
7304 2921
7305 2702
7306 3290
7307 4158
7308 3749
7309 4797
7310 3177
7311 4325
7312 5073
7313 2328
7314 3567
7315 4121
7316 2569
7317 4604
7318 3118
7319 5186
7320 2139
7321 3484
7322 4461
7323 3784
7324 3435
7325 4293
7326 4619
7327 3154
7328 4080
7329 2730
7330 3905
7331 2777
7332 3101
7333 3724
7334 3611
7335 3633
7336 3619
7337 3542
7338 2631
7339 2735
7340 2429
7341 3064
7342 3900
7343 3148
7344 2554
7345 4069
7346 2928
7347 2604
7348 2206
7349 4438
7350 3013
7351 2234
7352 3112
7353 3682
7354 3941
7355 3217
7356 3927
7357 2361
7358 2622
7359 3805
7360 3087
7361 4676
7362 3644
7363 2746
7364 4029
7365 2859
7366 5573
7367 3484
7368 2909
7369 4302
7370 3199
7371 3691
7372 5107
7373 3416
7374 2898
7375 2993
7376 3554
7377 3167
7378 3718
7379 3354
7380 4255
7381 4001
7382 2542
7383 3340
7384 4525
7385 3139
7386 1512
7387 4910
7388 3181
7389 2923
7390 3227
7391 4099
7392 2855
7393 3689
7394 4909
7395 3896
7396 3542
7397 2880
7398 2938
7399 4041
7400 2475
7401 4252
7402 2892
7403 2553
7404 3970
7405 5245
7406 2777
7407 3760
7408 3747
7409 3510
7410 2738
7411 4369
7412 3412
7413 3851
7414 4218
7415 3834
7416 3450
7417 2240
7418 3188
7419 2491
7420 2620
7421 2896
7422 3275
7423 2991
7424 2950
7425 2765
7426 3343
7427 3586
7428 4066
7429 3679
7430 2530
7431 2877
7432 3831
7433 3390
7434 3041
7435 3295
7436 3279
7437 2795
7438 2355
7439 5298
7440 2218
7441 2800
7442 4362
7443 3494
7444 3571
7445 4253
7446 2912
7447 3250
7448 2834
7449 3381
7450 3530
7451 3385
7452 3665
7453 3687
7454 3638
7455 2988
7456 2451
7457 2703
7458 2763
7459 5718
7460 3402
7461 4408
7462 3431
7463 4512
7464 3080
7465 2639
7466 3649
7467 4362
7468 3130
7469 2304
7470 2031
7471 2775
7472 2729
7473 2452
7474 2188
7475 2734
7476 3359
7477 3144
7478 3458
7479 2709
7480 2977
7481 2762
7482 2503
7483 2968
7484 3179
7485 3321
7486 3729
7487 3032
7488 3986
7489 3522
7490 4227
7491 4010
7492 3793
7493 3582
7494 3730
7495 3756
7496 2773
7497 3083
7498 3294
7499 2847
7500 1619
7501 3497
7502 3765
7503 4722
7504 2702
7505 4923
7506 2043
7507 3331
7508 4719
7509 3381
7510 2198
7511 4556
7512 3629
7513 3068
7514 2176
7515 4040
7516 3827
7517 2368
7518 3077
7519 1892
7520 2249
7521 4128
7522 2242
7523 2127
7524 3110
7525 4519
7526 3484
7527 3147
7528 2848
7529 3630
7530 2713
7531 1559
7532 3136
7533 2040
7534 3179
7535 2397
7536 3264
7537 3434
7538 2176
7539 2295
7540 3461
7541 5331
7542 3058
7543 2775
7544 2742
7545 2108
7546 2389
7547 1838
7548 1113
7549 3048
7550 2855
7551 2440
7552 4520
7553 2978
7554 3107
7555 3778
7556 4298
7557 2798
7558 2685
7559 2587
7560 3708
7561 3605
7562 2787
7563 2397
7564 3879
7565 2833
7566 3434
7567 2828
7568 3547
7569 2930
7570 3451
7571 1984
7572 4511
7573 2639
7574 3659
7575 4296
7576 3457
7577 2691
7578 3695
7579 3922
7580 3556
7581 2965
7582 2795
7583 3340
7584 3740
7585 4080
7586 3123
7587 2965
7588 4504
7589 2997
7590 4631
7591 2986
7592 4285
7593 2345
7594 2736
7595 3278
7596 2548
7597 3901
7598 2651
7599 2994
7600 2787
7601 3964
7602 5114
7603 4719
7604 2820
7605 3267
7606 4530
7607 1870
7608 3014
7609 2568
7610 4703
7611 3800
7612 5200
7613 2614
7614 2825
7615 3418
7616 3146
7617 2113
7618 3233
7619 2866
7620 3741
7621 3174
7622 2035
7623 3771
7624 2910
7625 3673
7626 2267
7627 3598
7628 2733
7629 2901
7630 2164
7631 3306
7632 2404
7633 3457
7634 2826
7635 3650
7636 2692
7637 2869
7638 3242
7639 3703
7640 1840
7641 3807
7642 3908
7643 3730
7644 2962
7645 2235
7646 3037
7647 4271
7648 3358
7649 4385
7650 2904
7651 3305
7652 843
7653 3726
7654 2758
7655 1555
7656 4382
7657 3463
7658 1966
7659 3483
7660 2231
7661 2870
7662 3662
7663 3321
7664 2791
7665 2851
7666 3844
7667 2413
7668 3674
7669 3152
7670 3857
7671 3645
7672 4598
7673 3852
7674 1228
7675 2972
7676 2699
7677 3586
7678 3522
7679 2976
7680 2774
7681 3129
7682 3420
7683 3502
7684 2857
7685 3893
7686 2969
7687 3755
7688 4284
7689 3547
7690 3430
7691 1345
7692 4843
7693 3131
7694 4120
7695 2205
7696 2635
7697 3469
7698 2484
7699 3014
7700 3490
7701 3762
7702 3504
7703 2753
7704 4283
7705 2217
7706 2073
7707 2574
7708 2902
7709 1983
7710 3500
7711 2971
7712 3743
7713 4206
7714 4564
7715 2891
7716 3176
7717 2884
7718 2314
7719 3241
7720 2745
7721 3365
7722 3520
7723 2523
7724 3476
7725 2235
7726 4925
7727 2475
7728 4489
7729 2552
7730 2584
7731 2227
7732 2896
7733 5489
7734 2896
7735 2869
7736 4039
7737 3275
7738 2987
7739 3778
7740 2930
7741 2980
7742 2518
7743 2682
7744 3922
7745 2889
7746 2934
7747 4204
7748 3924
7749 2947
7750 2783
7751 2710
7752 2709
7753 2805
7754 2344
7755 2572
7756 2635
7757 3171
7758 3933
7759 3389
7760 2983
7761 3720
7762 2739
7763 2661
7764 3799
7765 3215
7766 2712
7767 4254
7768 4288
7769 3051
7770 2657
7771 2565
7772 3977
7773 2469
7774 2660
7775 3221
7776 3030
7777 3137
7778 5147
7779 5259
7780 3639
7781 3456
7782 2458
7783 4129
7784 1509
7785 3282
7786 3869
7787 2493
7788 3135
7789 2467
7790 2499
7791 3034
7792 3136
7793 3214
7794 2314
7795 2370
7796 2987
7797 2088
7798 3345
7799 1819
7800 1841
7801 3117
7802 1187
7803 3437
7804 3176
7805 4667
7806 1458
7807 2198
7808 2773
7809 2798
7810 2507
7811 2573
7812 3149
7813 3616
7814 3743
7815 2142
7816 2045
7817 2518
7818 2925
7819 3679
7820 3240
7821 3846
7822 3642
7823 2900
7824 3710
7825 3736
7826 7009
7827 3461
7828 4441
7829 2786
7830 3333
7831 3920
7832 3709
7833 2623
7834 4961
7835 2759
7836 3029
7837 2553
7838 5102
7839 1936
7840 2842
7841 4540
7842 4089
7843 2848
7844 3451
7845 3276
7846 3392
7847 5824
7848 4108
7849 3706
7850 3463
7851 3138
7852 2547
7853 3634
7854 2894
7855 3706
7856 3656
7857 2376
7858 3466
7859 2153
7860 2836
7861 3871
7862 2836
7863 3582
7864 3928
7865 2866
7866 2729
7867 3472
7868 4100
7869 3982
7870 3418
7871 4202
7872 2693
7873 2138
7874 3262
7875 3230
7876 3328
7877 2451
7878 5034
7879 3641
7880 2840
7881 2292
7882 2529
7883 3004
7884 3473
7885 3432
7886 5011
7887 1385
7888 5410
7889 2477
7890 2606
7891 1406
7892 3145
7893 1684
7894 2563
7895 3227
7896 2202
7897 3071
7898 1893
7899 3897
7900 2191
7901 3790
7902 3090
7903 2957
7904 3577
7905 3841
7906 3162
7907 4463
7908 3319
7909 1408
7910 2435
7911 3855
7912 2912
7913 3267
7914 2898
7915 2585
7916 3018
7917 2835
7918 3019
7919 4833
7920 3737
7921 2558
7922 1347
7923 3481
7924 3607
7925 4394
7926 2425
7927 2792
7928 2678
7929 2609
7930 2076
7931 2616
7932 4417
7933 3090
7934 2592
7935 1749
7936 2062
7937 3514
7938 3732
7939 3868
7940 2770
7941 4763
7942 2629
7943 3725
7944 2915
7945 2118
7946 3213
7947 4247
7948 2103
7949 3738
7950 3497
7951 3265
7952 2703
7953 3471
7954 2806
7955 3107
7956 1245
7957 3565
7958 4145
7959 4274
7960 3419
7961 3281
7962 3012
7963 3306
7964 4066
7965 3918
7966 3286
7967 4110
7968 2503
7969 2309
7970 4227
7971 2953
7972 2232
7973 5086
7974 4283
7975 4583
7976 3313
7977 1922
7978 2685
7979 3056
7980 3944
7981 3476
7982 3076
7983 2553
7984 2487
7985 2142
7986 3023
7987 1601
7988 1950
7989 3209
7990 3979
7991 3164
7992 2027
7993 3980
7994 2770
7995 2875
7996 3154
7997 2732
7998 3940
7999 2808
8000 1407
8001 2213
8002 2574
8003 4373
8004 3631
8005 2040
8006 2000
8007 1564
8008 5136
8009 3321
8010 1919
8011 2460
8012 1849
8013 3308
8014 2416
8015 2777
8016 2032
8017 2789
8018 2485
8019 1780
8020 2122
8021 2847
8022 3172
8023 2288
8024 2748
8025 3464
8026 3166
8027 3235
8028 2731
8029 2212
8030 1746
8031 4157
8032 5650
8033 2189
8034 3084
8035 3663
8036 3277
8037 3936
8038 3469
8039 2962
8040 4060
8041 3432
8042 3379
8043 4950
8044 3942
8045 1999
8046 3097
8047 3148
8048 3661
8049 2412
8050 2127
8051 3655
8052 3562
8053 4019
8054 2941
8055 3943
8056 3420
8057 3070
8058 3313
8059 4145
8060 3062
8061 2965
8062 2847
8063 2568
8064 2425
8065 1289
8066 2334
8067 2756
8068 3481
8069 1424
8070 2948
8071 2718
8072 3384
8073 2000
8074 3039
8075 3660
8076 1791
8077 3443
8078 3269
8079 2546
8080 3684
8081 2295
8082 1796
8083 2336
8084 3740
8085 3032
8086 3429
8087 2602
8088 4230
8089 1675
8090 2331
8091 3207
8092 2459
8093 2436
8094 1447
8095 1794
8096 2689
8097 1509
8098 3511
8099 3364
8100 3751
8101 2095
8102 3464
8103 3540
8104 3672
8105 4111
8106 2862
8107 3718
8108 3257
8109 4123
8110 2748
8111 4450
8112 2580
8113 2873
8114 3031
8115 3197
8116 3317
8117 2186
8118 2845
8119 2283
8120 1459
8121 3352
8122 1392
8123 3774
8124 3105
8125 1924
8126 4217
8127 1530
8128 3031
8129 3051
8130 3039
8131 3450
8132 2788
8133 3405
8134 2477
8135 1781
8136 2427
8137 1599
8138 1727
8139 3037
8140 2281
8141 5116
8142 4222
8143 1818
8144 1753
8145 3819
8146 2739
8147 1883
8148 2447
8149 2731
8150 3578
8151 2474
8152 2732
8153 1600
8154 2338
8155 3416
8156 1457
8157 1763
8158 3280
8159 3334
8160 1197
8161 4735
8162 1483
8163 4392
8164 1271
8165 3097
8166 3406
8167 2602
8168 3238
8169 2511
8170 1303
8171 2615
8172 5292
8173 2407
8174 1937
8175 2323
8176 2852
8177 3620
8178 2702
8179 3719
8180 3809
8181 2244
8182 2820
8183 2927
8184 3281
8185 5161
8186 2095
8187 2762
8188 4073
8189 3893
8190 3408
8191 3033
8192 2353
8193 4048
8194 3094
8195 3643
8196 3297
8197 3469
8198 3118
8199 1467
8200 3179
8201 3045
8202 2576
8203 2839
8204 3169
8205 2543
8206 2947
8207 2575
8208 4713
8209 2327
8210 1746
8211 3076
8212 2421
8213 2983
8214 3782
8215 2185
8216 3713
8217 2074
8218 2339
8219 2802
8220 2775
8221 3155
8222 4395
8223 1654
8224 2941
8225 2691
8226 4347
8227 1421
8228 2741
8229 2594
8230 2675
8231 3168
8232 5097
8233 2980
8234 2849
8235 3165
8236 5074
8237 936
8238 3756
8239 3811
8240 3215
8241 2846
8242 2739
8243 1100
8244 3169
8245 2824
8246 3515
8247 3914
8248 2556
8249 3226
8250 3502
8251 2595
8252 3532
8253 3421
8254 2877
8255 3541
8256 1737
8257 3901
8258 4528
8259 2182
8260 4004
8261 2805
8262 5037
8263 3290
8264 3472
8265 3757
8266 2514
8267 3330
8268 2670
8269 2879
8270 2282
8271 3806
8272 2303
8273 4166
8274 2335
8275 1379
8276 2868
8277 3891
8278 3908
8279 2671
8280 3385
8281 3352
8282 1950
8283 3846
8284 2594
8285 3559
8286 1677
8287 2226
8288 2943
8289 3170
8290 3922
8291 2617
8292 3627
8293 4801
8294 2804
8295 1341
8296 3111
8297 2001
8298 4011
8299 4387
8300 3847
8301 3495
8302 3450
8303 4645
8304 3648
8305 1954
8306 1935
8307 4811
8308 1193
8309 3141
8310 3760
8311 3599
8312 3393
8313 2866
8314 4107
8315 3021
8316 2606
8317 3697
8318 4578
8319 3536
8320 4585
8321 4049
8322 1075
8323 2224
8324 3815
8325 4393
8326 3627
8327 4131
8328 2859
8329 2123
8330 4069
8331 2710
8332 1836
8333 2775
8334 3094
8335 1174
8336 3226
8337 3146
8338 3618
8339 2398
8340 2850
8341 3569
8342 4694
8343 3307
8344 3241
8345 2561
8346 4612
8347 3864
8348 2863
8349 2901
8350 2567
8351 2564
8352 3193
8353 2124
8354 3589
8355 2841
8356 3257
8357 4859
8358 3209
8359 2983
8360 3234
8361 3169
8362 2853
8363 3632
8364 3676
8365 2423
8366 4553
8367 3180
8368 2758
8369 2041
8370 2633
8371 2832
8372 2846
8373 2360
8374 3546
8375 3299
8376 2496
8377 2258
8378 3052
8379 3252
8380 3115
8381 3502
8382 2730
8383 4358
8384 2809
8385 1635
8386 2323
8387 2913
8388 3028
8389 2554
8390 5405
8391 2611
8392 2338
8393 3137
8394 3515
8395 2541
8396 1483
8397 2408
8398 2601
8399 3661
8400 3020
8401 2653
8402 3685
8403 4538
8404 5136
8405 3498
8406 2420
8407 2068
8408 2736
8409 822
8410 3096
8411 3695
8412 1376
8413 2888
8414 2546
8415 1944
8416 1790
8417 2601
8418 1149
8419 1659
8420 2409
8421 3103
8422 2908
8423 2000
8424 1603
8425 2179
8426 1742
8427 1998
8428 2478
8429 3010
8430 2788
8431 4354
8432 3297
8433 2218
8434 2776
8435 1806
8436 7869
8437 3709
8438 1047
8439 1630
8440 2915
8441 1828
8442 2919
8443 1452
8444 2172
8445 1423
8446 4055
8447 2224
8448 1705
8449 1881
8450 2853
8451 1752
8452 2562
8453 1568
8454 1396
8455 3518
8456 2343
8457 2373
8458 1671
8459 1932
8460 1447
8461 2505
8462 1661
8463 1415
8464 2997
8465 1983
8466 1654
8467 1759
8468 4292
8469 1340
8470 1687
8471 2915
8472 1129
8473 1341
8474 2642
8475 3335
8476 3180
8477 1796
8478 2632
8479 2375
8480 3941
8481 2940
8482 2660
8483 2402
8484 1922
8485 3601
8486 2629
8487 3533
8488 3355
8489 4254
8490 2892
8491 3145
8492 1738
8493 3131
8494 3660
8495 2679
8496 2702
8497 3129
8498 2840
8499 3319
8500 2743
8501 1906
8502 2842
8503 3746
8504 2869
8505 3412
8506 2791
8507 3956
8508 2641
8509 2529
8510 2946
8511 3306
8512 2760
8513 2931
8514 3777
8515 3256
8516 5288
8517 3163
8518 2973
8519 3760
8520 3011
8521 2338
8522 2617
8523 2514
8524 4081
8525 3512
8526 2522
8527 3268
8528 3482
8529 2920
8530 2881
8531 2963
8532 3680
8533 2391
8534 1955
8535 3748
8536 3549
8537 3106
8538 4586
8539 2704
8540 3192
8541 5428
8542 2970
8543 3597
8544 3945
8545 1986
8546 2652
8547 3829
8548 2719
8549 3475
8550 2857
8551 2601
8552 3522
8553 2789
8554 4138
8555 3689
8556 4496
8557 2972
8558 3542
8559 5102
8560 2695
8561 3388
8562 3253
8563 2687
8564 3437
8565 3756
8566 2929
8567 2625
8568 1907
8569 3728
8570 2410
8571 2607
8572 2935
8573 2667
8574 3062
8575 1481
8576 4222
8577 3594
8578 2580
8579 1166
8580 3233
8581 2260
8582 3929
8583 4360
8584 2490
8585 2856
8586 3116
8587 3820
8588 3632
8589 3471
8590 3565
8591 1850
8592 3793
8593 1635
8594 1685
8595 4011
8596 4319
8597 2063
8598 2859
8599 4227
8600 2692
8601 1282
8602 2955
8603 3168
8604 2760
8605 3316
8606 3188
8607 3390
8608 4337
8609 2560
8610 2052
8611 2621
8612 2827
8613 2485
8614 4670
8615 2175
8616 3186
8617 2762
8618 1335
8619 3625
8620 2186
8621 3023
8622 3128
8623 2123
8624 2017
8625 4317
8626 2839
8627 2712
8628 2370
8629 2520
8630 1674
8631 2873
8632 3206
8633 3337
8634 2033
8635 4838
8636 3459
8637 3405
8638 3035
8639 3483
8640 1837
8641 3206
8642 2411
8643 2593
8644 2144
8645 4877
8646 1162
8647 3360
8648 1974
8649 3465
8650 3248
8651 1440
8652 2520
8653 1503
8654 3015
8655 3331
8656 1710
8657 2831
8658 2428
8659 1574
8660 2765
8661 2984
8662 3975
8663 3326
8664 3803
8665 3441
8666 2656
8667 2739
8668 3420
8669 2882
8670 3450
8671 5108
8672 2919
8673 2781
8674 1993
8675 3254
8676 3374
8677 3611
8678 2565
8679 2109
8680 2837
8681 2920
8682 3155
8683 4044
8684 1786
8685 2715
8686 2479
8687 1568
8688 2089
8689 2907
8690 1476
8691 3327
8692 1930
8693 3211
8694 2489
8695 2539
8696 2229
8697 2457
8698 2178
8699 1928
8700 2680
8701 2692
8702 1363
8703 2983
8704 1492
8705 1836
8706 3065
8707 3421
8708 1964
8709 1818
8710 2728
8711 2093
8712 2192
8713 2939
8714 1975
8715 3774
8716 2749
8717 3512
8718 1539
8719 3551
8720 1589
8721 3328
8722 2161
8723 2890
8724 1590
8725 3399
8726 2490
8727 1668
8728 3717
8729 2368
8730 1522
8731 1680
8732 2298
8733 1708
8734 2323
8735 2478
8736 3006
8737 3832
8738 4119
8739 3194
8740 2749
8741 1805
8742 3456
8743 3091
8744 2324
8745 1967
8746 1917
8747 2111
8748 1022
8749 2116
8750 1869
8751 1466
8752 3157
8753 2599
8754 2221
8755 2570
8756 1566
8757 2812
8758 2944
8759 1581
8760 1532
8761 1721
8762 1524
8763 2610
8764 1714
8765 2874
8766 3629
8767 1713
8768 2953
8769 4250
8770 3648
8771 2592
8772 1976
8773 3838
8774 1933
8775 2232
8776 2361
8777 3663
8778 2101
8779 3131
8780 1114
8781 2363
8782 2138
8783 3034
8784 3594
8785 2679
8786 3506
8787 2609
8788 3233
8789 3252
8790 1911
8791 3555
8792 2938
8793 3772
8794 1409
8795 2770
8796 4653
8797 1711
8798 1787
8799 1404
8800 2863
8801 5356
8802 2681
8803 3701
8804 2062
8805 3952
8806 6202
8807 2879
8808 1797
8809 1313
8810 2114
8811 3741
8812 2620
8813 3476
8814 3872
8815 3150
8816 2565
8817 2980
8818 2658
8819 3618
8820 2789
8821 2908
8822 3417
8823 2906
8824 1419
8825 2763
8826 1636
8827 3411
8828 2471
8829 4825
8830 3708
8831 2132
8832 3621
8833 1866
8834 2990
8835 1818
8836 5557
8837 3665
8838 1367
8839 3091
8840 2662
8841 4066
8842 3269
8843 3433
8844 2068
8845 3775
8846 2997
8847 3910
8848 2444
8849 1315
8850 1492
8851 4285
8852 2716
8853 3243
8854 2598
8855 4215
8856 3054
8857 2628
8858 1674
8859 2843
8860 2932
8861 4315
8862 2613
8863 2365
8864 3403
8865 3305
8866 2651
8867 2491
8868 2764
8869 1225
8870 3741
8871 3992
8872 2539
8873 2418
8874 2515
8875 1842
8876 3343
8877 3311
8878 1493
8879 4760
8880 4622
8881 3032
8882 4537
8883 2714
8884 3156
8885 4065
8886 2019
8887 2981
8888 2756
8889 3222
8890 1543
8891 1520
8892 4674
8893 2590
8894 1416
8895 2392
8896 2263
8897 1523
8898 1838
8899 1790
8900 1269
8901 1489
8902 1097
8903 1870
8904 3187
8905 3509
8906 3450
8907 1188
8908 2418
8909 2435
8910 3721
8911 2978
8912 3046
8913 1708
8914 1570
8915 1964
8916 2220
8917 2701
8918 2084
8919 1363
8920 3146
8921 1568
8922 2856
8923 3454
8924 1812
8925 1897
8926 2076
8927 2164
8928 1206
8929 2659
8930 2890
8931 1249
8932 1551
8933 3204
8934 3253
8935 2564
8936 1522
8937 2437
8938 2050
8939 1132
8940 2414
8941 2275
8942 1469
8943 2311
8944 2537
8945 1866
8946 2611
8947 3185
8948 1675
8949 1953
8950 2166
8951 1869
8952 1449
8953 1630
8954 3158
8955 1538
8956 2585
8957 1920
8958 1715
8959 2539
8960 1896
8961 2524
8962 1403
8963 2736
8964 3158
8965 1365
8966 1671
8967 2721
8968 2040
8969 1922
8970 1464
8971 2958
8972 2366
8973 2170
8974 2453
8975 3815
8976 1186
8977 1792
8978 2906
8979 2554
8980 1355
8981 1783
8982 1997
8983 2531
8984 2801
8985 1698
8986 1799
8987 2120
8988 2802
8989 1608
8990 2294
8991 2552
8992 4108
8993 1674
8994 2245
8995 3486
8996 2635
8997 3681
8998 1970
8999 1044
9000 2280
9001 1910
9002 1226
9003 2370
9004 1738
9005 3267
9006 1939
9007 2779
9008 1598
9009 2001
9010 2054
9011 1617
9012 1441
9013 1897
9014 1900
9015 1665
9016 2755
9017 1923
9018 2299
9019 1586
9020 2665
9021 1719
9022 2022
9023 3939
9024 1265
9025 2082
9026 1760
9027 2086
9028 1130
9029 1433
9030 2020
9031 1694
9032 1666
9033 1149
9034 1997
9035 1276
9036 1635
9037 2087
9038 1605
9039 2744
9040 2337
9041 1405
9042 1868
9043 3258
9044 1324
9045 3853
9046 2115
9047 2156
9048 2169
9049 2985
9050 2034
9051 2159
9052 3257
9053 1993
9054 1974
9055 3761
9056 2283
9057 2418
9058 1668
9059 1553
9060 2362
9061 1710
9062 2459
9063 2725
9064 2015
9065 1664
9066 2069
9067 1746
9068 2533
9069 2988
9070 2011
9071 2198
9072 1664
9073 1992
9074 3115
9075 2489
9076 2444
9077 2441
9078 2210
9079 3006
9080 2231
9081 2715
9082 2315
9083 1242
9084 2517
9085 1264
9086 1660
9087 2148
9088 2222
9089 2153
9090 1198
9091 1246
9092 1486
9093 1716
9094 3157
9095 2150
9096 1486
9097 1521
9098 1630
9099 1564
9100 1672
9101 2155
9102 1626
9103 2109
9104 1694
9105 1553
9106 1381
9107 2495
9108 1561
9109 2112
9110 1389
9111 2612
9112 1740
9113 1265
9114 1765
9115 1899
9116 1568
9117 1353
9118 2847
9119 1116
9120 1514
9121 1454
9122 1269
9123 1822
9124 1527
9125 1646
9126 1056
9127 1141
9128 1869
9129 2402
9130 2347
9131 2344
9132 1529
9133 1638
9134 2240
9135 1942
9136 2225
9137 1037
9138 3089
9139 2174
9140 2392
9141 1506
9142 3096
9143 1512
9144 1890
9145 2159
9146 2354
9147 1419
9148 1133
9149 2125
9150 2019
9151 1369
9152 1177
9153 3278
9154 1319
9155 1227
9156 899
9157 2224
9158 1740
9159 2235
9160 1401
9161 1617
9162 3039
9163 1364
9164 2738
9165 2115
9166 1742
9167 2308
9168 1660
9169 1549
9170 1338
9171 2249
9172 2489
9173 1850
9174 1633
9175 2157
9176 1408
9177 971
9178 2573
9179 1383
9180 1506
9181 1585
9182 1475
9183 2116
9184 1616
9185 979
9186 2324
9187 1608
9188 1589
9189 1871
9190 1085
9191 1412
9192 1564
9193 1186
9194 1422
9195 1606
9196 1602
9197 1744
9198 1824
9199 1777
9200 1533
9201 2000
9202 2404
9203 1528
9204 1963
9205 2509
9206 1962
9207 1548
9208 2401
9209 2167
9210 2002
9211 2034
9212 1636
9213 1713
9214 1222
9215 2648
9216 1196
9217 1851
9218 2014
9219 2263
9220 1987
9221 1438
9222 1198
9223 1713
9224 1531
9225 1385
9226 2029
9227 1978
9228 1433
9229 2061
9230 1703
9231 1374
9232 1847
9233 1420
9234 1616
9235 3259
9236 1026
9237 1855
9238 1998
9239 1203
9240 1234
9241 1402
9242 1502
9243 1681
9244 2404
9245 1245
9246 1126
9247 2483
9248 1539
9249 1163
9250 1214
9251 2083
9252 1754
9253 1327
9254 1880
9255 977
9256 1720
9257 1516
9258 1142
9259 2467
9260 2303
9261 1524
9262 1562
9263 1994
9264 1662
9265 2502
9266 2015
9267 1535
9268 1767
9269 1703
9270 3039
9271 1419
9272 1738
9273 1654
9274 1116
9275 1780
9276 3419
9277 1788
9278 2028
9279 1689
9280 878
9281 1151
9282 1509
9283 1062
9284 1926
9285 1543
9286 1070
9287 2326
9288 1712
9289 1497
9290 2197
9291 1794
9292 1779
9293 1666
9294 2503
9295 1323
9296 3041
9297 1835
9298 2383
9299 1590
9300 1477
9301 2110
9302 1536
9303 1736
9304 1232
9305 1356
9306 1747
9307 2317
9308 951
9309 1307
9310 1580
9311 1709
9312 1526
9313 1513
9314 1047
9315 1325
9316 1069
9317 1212
9318 1236
9319 1750
9320 2759
9321 3058
9322 3307
9323 2589
9324 3304
9325 1761
9326 2458
9327 2239
9328 2826
9329 2112
9330 2470
